0.1475126 0.0042394 0.0279143 0.8203337
0.1815241 0.0001022 0.0231812 0.7951925
0.1157768 0.0001020 0.0278861 0.8562350
0.1985785 0.0001022 0.0500131 0.7513062
0.0971001 0.0001020 0.0237740 0.8790239
0.1326653 0.0001020 0.0001020 0.8671306
0.0863910 0.0001019 0.0202622 0.8932449
0.0992214 0.0001019 0.0070529 0.8936238
0.0978421 0.0001020 0.0001020 0.9019538
0.0987253 0.0001021 0.0123138 0.8888589
0.0649166 0.0001021 0.0221719 0.9128095
0.0798037 0.0001020 0.0028902 0.9172040
0.1060429 0.0001020 0.0040214 0.8898337
0.0952067 0.0001021 0.0164676 0.8882236
0.2176153 0.0001023 0.0341721 0.7481104
0.2245094 0.0001022 0.0127246 0.7626637
0.0001015 0.5853464 0.0001015 0.4144506
0.0001009 0.4566903 0.0001009 0.5431079
0.0001013 0.4353110 0.0001013 0.5644866
0.0000994 0.4842229 0.0066470 0.5090307
0.0000991 0.5570104 0.0000991 0.4427914
0.0000994 0.4231727 0.0000994 0.5766285
0.0000999 0.5059550 0.0000999 0.4938450
0.0001006 0.5083607 0.0001006 0.4914381
0.6457161 0.0001019 0.0939678 0.2602142
0.6580150 0.0168143 0.0816360 0.2435348
0.6371129 0.0001020 0.0967712 0.2660139
0.7107926 0.0349924 0.0387079 0.2155071
0.7268264 0.0051984 0.0686975 0.1992777
0.7340230 0.0001018 0.1244364 0.1414388
0.6985685 0.0001016 0.1209158 0.1804140
0.7960389 0.0241306 0.0308287 0.1490017
0.6183240 0.0001020 0.1772384 0.2043356
0.4809267 0.0299579 0.2098077 0.2793078
0.5793589 0.0425435 0.1759716 0.2021259
0.6361631 0.0001019 0.1163326 0.2474024
0.6138284 0.0001022 0.1614541 0.2246154
0.5742828 0.0001022 0.2144208 0.2111941
0.5702499 0.0001021 0.1952756 0.2343724
0.5967896 0.0001022 0.1906004 0.2125077
0.5837644 0.1453841 0.0001016 0.2707499
0.7122374 0.1156248 0.0001017 0.1720361
0.5748696 0.0001023 0.2634272 0.1616009
0.4554734 0.0783175 0.2173525 0.2488566
0.4511397 0.0740370 0.1458542 0.3289689
0.7188889 0.0648973 0.0018558 0.2143580
0.6670530 0.1027614 0.0364101 0.1937755
0.4497477 0.0001024 0.5098553 0.0402946
0.2593271 0.4213187 0.2446184 0.0747358
0.4207221 0.1240205 0.2936449 0.1616125
0.4605066 0.2308076 0.1874303 0.1212554
0.4972607 0.3166259 0.0665684 0.1195449
0.4569758 0.1731071 0.2702158 0.0997013
0.5315722 0.1929656 0.0815275 0.1939348
0.5835524 0.1570709 0.1919241 0.0674526
0.3755085 0.2465516 0.2559697 0.1219702
0.5240603 0.3062823 0.1408900 0.0287674
0.5076542 0.2540717 0.1456442 0.0926298
0.8443490 0.0433623 0.0776258 0.0346630
0.6212783 0.2125041 0.0843798 0.0818378
0.9360754 0.0637242 0.0001001 0.0001001
0.9216117 0.0781927 0.0000978 0.0000978
0.9187905 0.0810141 0.0000977 0.0000977
0.4882320 0.0380666 0.3517873 0.1219140
0.4760452 0.0536655 0.3924561 0.0778331
0.5217194 0.0508338 0.2696851 0.1577616
0.4939122 0.1430035 0.3270032 0.0360810
0.4413812 0.0001024 0.5057870 0.0527294
0.5391077 0.1001477 0.3606420 0.0001025
0.6024665 0.0163112 0.1769690 0.2042534
0.5528069 0.1829132 0.2444486 0.0198313
0.5517944 0.3888547 0.0507869 0.0085639
0.4693954 0.3255706 0.1878086 0.0172254
0.4676137 0.1893977 0.1530909 0.1898977
0.5420613 0.2038946 0.1662323 0.0878119
0.6168717 0.2348009 0.0573206 0.0910068
0.5515537 0.3155248 0.0545000 0.0784215
0.2961003 0.3572662 0.3062754 0.0403581
0.4369892 0.2775682 0.1479280 0.1375145
0.1855815 0.6959437 0.1183745 0.0001004
0.1802095 0.7252384 0.0944520 0.0001001
0.7039713 0.2823845 0.0135426 0.0001016
0.4894921 0.2691031 0.1868685 0.0545362
0.6142236 0.2159299 0.0943610 0.0754856
0.3878595 0.4253361 0.1867028 0.0001016
0.5247874 0.3347988 0.1311490 0.0092648
0.0000989 0.9536009 0.0462012 0.0000989
0.4519690 0.2939143 0.2228896 0.0312271
0.2448280 0.4666411 0.2884281 0.0001028
0.0000978 0.0604222 0.9393822 0.0000978
0.0000978 0.0585573 0.9412471 0.0000978
0.3967223 0.1904735 0.3384115 0.0743928
0.1327828 0.7725373 0.0944000 0.0002799
0.4938928 0.2703590 0.2233905 0.0123577
0.0002855 0.8170051 0.1826086 0.0001009
