0.2044522 0.7937602 0.0017877
0.2317443 0.7681534 0.0001022
0.1774090 0.8224888 0.0001021
0.2766273 0.7232705 0.0001022
0.1544801 0.8454178 0.0001021
0.1584596 0.8414382 0.0001022
0.1426620 0.8572360 0.0001020
0.1399089 0.8599890 0.0001020
0.1275594 0.8723384 0.0001022
0.1426682 0.8572295 0.0001022
0.1190076 0.8808901 0.0001022
0.1153207 0.8845772 0.0001021
0.1420465 0.8578513 0.0001021
0.1424335 0.8574642 0.0001022
0.2760158 0.7238818 0.0001023
0.2579650 0.7419327 0.0001023
0.0001009 0.4472933 0.5526058
0.0001011 0.5431955 0.4567034
0.0001013 0.5681843 0.4317143
0.0000996 0.5083125 0.4915880
0.0000987 0.4610171 0.5388842
0.0000996 0.5757698 0.4241306
0.0000996 0.5111719 0.4887284
0.0001003 0.5070161 0.4928835
0.7324155 0.2674827 0.0001018
0.7322553 0.2544354 0.0133093
0.7271417 0.2727564 0.0001019
0.7472796 0.2402601 0.0124603
0.7834522 0.2164459 0.0001019
0.8463785 0.1535198 0.0001016
0.8145362 0.1853623 0.0001015
0.8183910 0.1815071 0.0001018
0.7962041 0.2036941 0.0001018
0.6615086 0.2654898 0.0730016
0.7264717 0.2002400 0.0732883
0.7500100 0.2498883 0.0001018
0.7596388 0.2262532 0.0141081
0.7795553 0.2079927 0.0124519
0.7661867 0.2321285 0.0016849
0.7748498 0.2110601 0.0140901
0.5635349 0.3222139 0.1142512
0.7042691 0.2166137 0.0791172
0.8131650 0.1536645 0.0331705
0.6367386 0.2367489 0.1265125
0.5781459 0.3224108 0.0994433
0.7248636 0.2492546 0.0258817
0.6981079 0.2182624 0.0836297
0.9581226 0.0078726 0.0340048
0.4351588 0.0774769 0.4873643
0.6546137 0.1461035 0.1992828
0.6055428 0.1242736 0.2701836
0.5353937 0.1476245 0.3169818
0.6699995 0.0917283 0.2382722
0.5933160 0.2100723 0.1966117
0.7304283 0.0757175 0.1938542
0.5700732 0.1181615 0.3117653
0.6240600 0.0473700 0.3285699
0.6133402 0.1078847 0.2787751
0.9103453 0.0606574 0.0289972
0.6830874 0.1045367 0.2123759
0.9508047 0.0424493 0.0067461
0.9783784 0.0001011 0.0215205
0.9768203 0.0001011 0.0230785
0.7726761 0.0992854 0.1280385
0.7923546 0.0507426 0.1569028
0.7378117 0.1475426 0.1146457
0.7435786 0.0302368 0.2261847
0.9449334 0.0208202 0.0342464
0.8086239 0.0001016 0.1912744
0.7508039 0.2030213 0.0461749
0.7372594 0.0251824 0.2375581
0.5698929 0.0479707 0.3821363
0.6026806 0.0314298 0.3658896
0.5879418 0.1941597 0.2178985
0.6695755 0.0969577 0.2334668
0.6544482 0.1189800 0.2265717
0.5829488 0.1069679 0.3100833
0.5217240 0.0374166 0.4408594
0.5478085 0.1466658 0.3055257
0.2621704 0.0001008 0.7377288
0.2378487 0.0001007 0.7620506
0.7182226 0.0189863 0.2627912
0.6248276 0.0671611 0.3080114
0.6803238 0.1004819 0.2191944
0.5256597 0.0001016 0.4742386
0.6127455 0.0329802 0.3542743
0.0001002 0.0001002 0.9997996
0.6161816 0.0387707 0.3450478
0.4514948 0.0001023 0.5484029
0.6070549 0.0000995 0.3928456
0.6077719 0.0000996 0.3921285
0.6605938 0.0591014 0.2803047
0.1644279 0.0363589 0.7992131
0.6547790 0.0234096 0.3218114
0.1169547 0.0001009 0.8829443
