0.8724198 0.1327471 0.0995608 0.1205360 0.1014515 0.0958064 0.1003009 0.1046045 0.1022771 0.0943860 0.1002637 0.1041708 0.0912180 0.0916900 0.0840665 0.0853882 -0.0111527 0.0113879 0.0138576 0.0036494 -0.0015105 0.0258878 0.0040703 0.0088737 0.0150890 0.0099366 0.0133284 -0.0024370 0.0035224 -0.0037879 0.0079125 -0.0026630 0.0078059 0.0143745 -0.0011834 0.0130398 0.0070415 0.0058487 0.0114724 0.0029007 0.0008133 -0.0085218 -0.0036299 -0.0028511 0.0127537 0.0007940 -0.0041514 -0.0143921 -0.0581802 -0.0188837 -0.0311266 -0.0374169 -0.0339103 -0.0169685 -0.0317016 -0.0331503 -0.0488796 -0.0379402 -0.0205017 -0.0323281 -0.0248112 -0.0409238 -0.0407345 -0.0127430 -0.0288947 -0.0108765 -0.0366871 -0.0143674 -0.0412455 -0.0006794 -0.0378865 -0.0569660 -0.0537959 -0.0176366 -0.0351169 -0.0346069 -0.0385286 -0.0548701 -0.0337640 -0.1081892 -0.1122904 -0.0522669 -0.0450650 -0.0315477 -0.0732002 -0.0575093 -0.1362068 -0.0490709 -0.0728063 -0.0592369 -0.0580251 -0.0359506 -0.0948745 -0.0451282 -0.1268369
0.1327471 0.8602588 0.0921957 0.1245753 0.0979159 0.0940177 0.0986059 0.1007976 0.0998168 0.0943270 0.1002830 0.1001771 0.0931422 0.0907968 0.0802991 0.0874036 -0.0230876 0.0064751 0.0077595 -0.0007697 -0.0117515 0.0161306 -0.0013044 -0.0064179 0.0178279 0.0093934 0.0164223 0.0056127 0.0080307 0.0056076 0.0115714 0.0031104 0.0093764 0.0162596 0.0028602 0.0167273 0.0072825 0.0109074 0.0125458 0.0091554 0.0017509 -0.0030406 -0.0017724 -0.0020213 0.0102020 0.0051200 -0.0054196 -0.0180609 -0.0601133 -0.0128582 -0.0320859 -0.0390254 -0.0318069 -0.0174660 -0.0306167 -0.0326972 -0.0503937 -0.0371203 -0.0135745 -0.0293672 -0.0201645 -0.0316110 -0.0321052 -0.0123009 -0.0237443 -0.0086854 -0.0333740 -0.0153386 -0.0399263 0.0030253 -0.0401116 -0.0593958 -0.0520530 -0.0198239 -0.0332841 -0.0279912 -0.0384970 -0.0568268 -0.0323348 -0.1157000 -0.1167346 -0.0503643 -0.0453944 -0.0337025 -0.0782719 -0.0545913 -0.1441758 -0.0454064 -0.0762429 -0.0628847 -0.0622144 -0.0347558 -0.1029791 -0.0421354 -0.1327228
0.0995608 0.0921957 0.8647407 0.0909659 0.1459107 0.1377522 0.1603346 0.1454377 0.1092704 0.1027387 0.1051986 0.1049260 0.1023165 0.0995586 0.0924741 0.0904491 -0.0189272 0.0063344 0.0146771 -0.0007430 -0.0081768 0.0204897 0.0011643 -0.0021947 0.0139944 0.0074989 0.0186513 0.0043841 0.0026924 0.0026293 0.0131743 -0.0069847 0.0149177 0.0180661 0.0013592 0.0196192 0.0094993 0.0063762 0.0146135 0.0119897 0.0026574 -0.0089502 -0.0008076 -0.0027404 0.0137627 0.0033902 -0.0077847 -0.0142801 -0.0627957 -0.0174438 -0.0300950 -0.0449794 -0.0312625 -0.0185916 -0.0343725 -0.0347589 -0.0509829 -0.0409992 -0.0240652 -0.0359780 -0.0277042 -0.0453198 -0.0432036 -0.0155321 -0.0296347 -0.0159012 -0.0377731 -0.0122520 -0.0449422 -0.0024283 -0.0428361 -0.0616406 -0.0580994 -0.0164318 -0.0319169 -0.0363119 -0.0451151 -0.0599452 -0.0341923 -0.1233996 -0.1290940 -0.0556217 -0.0447764 -0.0383704 -0.0834986 -0.0563760 -0.1516235 -0.0576971 -0.0810284 -0.0544597 -0.0532087 -0.0388267 -0.1082446 -0.0529836 -0.1395868
0.1205360 0.1245753 0.0909659 0.8748167 0.0928658 0.0885721 0.0926602 0.0979066 0.0953999 0.0869081 0.0947792 0.0916359 0.0862422 0.0857688 0.0797079 0.0818219 -0.0237968 0.0014371 0.0052456 -0.0076514 -0.0157010 0.0093028 -0.0060684 -0.0047787 0.0180861 0.0095641 0.0189006 0.0081931 0.0111959 0.0058569 0.0163934 0.0018525 0.0132541 0.0178015 0.0052604 0.0172218 0.0108427 0.0144618 0.0165509 0.0097652 0.0035591 -0.0040026 0.0089206 0.0003123 0.0143910 0.0035629 -0.0024927 -0.0083061 -0.0569812 -0.0132222 -0.0259697 -0.0403115 -0.0290701 -0.0182944 -0.0242852 -0.0312388 -0.0485997 -0.0351979 -0.0134182 -0.0245426 -0.0216205 -0.0350304 -0.0334383 -0.0077301 -0.0178209 -0.0087220 -0.0349553 -0.0053164 -0.0370654 0.0063352 -0.0372160 -0.0558984 -0.0542719 -0.0150058 -0.0304049 -0.0297038 -0.0398479 -0.0529127 -0.0321759 -0.1153952 -0.1181543 -0.0496566 -0.0378877 -0.0308031 -0.0770799 -0.0557306 -0.1472149 -0.0443146 -0.0762831 -0.0507855 -0.0505748 -0.0305489 -0.1049064 -0.0433088 -0.1318468
0.1014515 0.0979159 0.1459107 0.0928658 0.8872614 0.1549918 0.1610816 0.1577616 0.1136231 0.1043661 0.1101838 0.1091672 0.1064109 0.1052296 0.0882506 0.0930798 -0.0184411 0.0139188 0.0151376 0.0050040 -0.0038634 0.0282136 0.0044380 0.0032326 0.0174794 0.0078673 0.0169442 -0.0001097 0.0014341 -0.0010009 0.0127603 -0.0051607 0.0109014 0.0174871 -0.0025222 0.0171724 0.0062452 0.0081793 0.0159381 0.0078881 0.0059044 -0.0084631 -0.0029574 -0.0004062 0.0127565 -0.0012830 -0.0081461 -0.0169415 -0.0606424 -0.0169814 -0.0351336 -0.0409351 -0.0333370 -0.0167431 -0.0354426 -0.0364922 -0.0530679 -0.0422984 -0.0261659 -0.0415957 -0.0318419 -0.0460967 -0.0465462 -0.0161894 -0.0250844 -0.0121693 -0.0400699 -0.0153846 -0.0440142 0.0021280 -0.0438577 -0.0644511 -0.0633665 -0.0158048 -0.0326036 -0.0370706 -0.0452129 -0.0604561 -0.0354689 -0.1267891 -0.1312065 -0.0574238 -0.0481227 -0.0417715 -0.0824787 -0.0580941 -0.1502581 -0.0562872 -0.0813398 -0.0553440 -0.0544198 -0.0377148 -0.1103800 -0.0554973 -0.1368826
0.0958064 0.0940177 0.1377522 0.0885721 0.1549918 0.8723541 0.1503182 0.1496497 0.1105511 0.0998505 0.1056029 0.1052034 0.1005208 0.0983953 0.0867549 0.0929383 -0.0135137 0.0117590 0.0121237 0.0032253 -0.0001100 0.0262011 0.0076142 0.0046853 0.0169298 0.0102399 0.0177060 0.0062812 0.0071990 0.0020326 0.0093859 -0.0033044 0.0123699 0.0149773 -0.0035397 0.0142613 0.0021450 0.0037162 0.0061190 0.0063758 0.0077861 -0.0044081 -0.0023687 -0.0023841 0.0128906 0.0039641 -0.0038837 -0.0271284 -0.0606958 -0.0218136 -0.0365294 -0.0375716 -0.0343415 -0.0166665 -0.0373096 -0.0338803 -0.0561617 -0.0422687 -0.0236607 -0.0358880 -0.0243640 -0.0409135 -0.0395865 -0.0169737 -0.0304960 -0.0133808 -0.0425059 -0.0241972 -0.0438994 -0.0020434 -0.0458198 -0.0607864 -0.0604716 -0.0157473 -0.0348482 -0.0340975 -0.0401366 -0.0631176 -0.0329858 -0.1195551 -0.1254432 -0.0522486 -0.0450153 -0.0374255 -0.0800815 -0.0534033 -0.1435772 -0.0557747 -0.0776623 -0.0736519 -0.0733620 -0.0392246 -0.1021612 -0.0549523 -0.1296635
0.1003009 0.0986059 0.1603346 0.0926602 0.1610816 0.1503182 0.8668573 0.1632125 0.1130153 0.1081437 0.1127493 0.1128533 0.1055910 0.1052698 0.0886214 0.0949139 -0.0225151 0.0107069 0.0167716 0.0072046 -0.0067480 0.0251308 0.0023899 -0.0000088 0.0143859 0.0088596 0.0170921 0.0022504 0.0023253 0.0015280 0.0101323 -0.0046461 0.0129824 0.0182380 0.0010405 0.0177083 0.0032799 0.0071931 0.0129983 0.0118781 0.0046195 -0.0078469 -0.0028636 -0.0031764 0.0100185 -0.0011049 -0.0101681 -0.0187900 -0.0627989 -0.0189373 -0.0348870 -0.0458371 -0.0351423 -0.0195301 -0.0411490 -0.0361267 -0.0527207 -0.0432259 -0.0281541 -0.0431428 -0.0331505 -0.0482605 -0.0489588 -0.0136434 -0.0261348 -0.0113540 -0.0387804 -0.0153996 -0.0481358 -0.0020051 -0.0472966 -0.0669399 -0.0620755 -0.0181946 -0.0342114 -0.0343504 -0.0448912 -0.0609215 -0.0367069 -0.1262598 -0.1317037 -0.0578803 -0.0462145 -0.0426033 -0.0849504 -0.0579380 -0.1560610 -0.0573079 -0.0854599 -0.0567070 -0.0580192 -0.0386549 -0.1123639 -0.0585397 -0.1443958
0.1046045 0.1007976 0.1454377 0.0979066 0.1577616 0.1496497 0.1632125 0.8799495 0.1177801 0.1086782 0.1141910 0.1181010 0.1053415 0.1070874 0.0949188 0.0963162 -0.0169809 0.0112696 0.0186894 0.0064722 -0.0030550 0.0263280 0.0056554 -0.0024868 0.0150115 0.0124370 0.0174440 0.0040804 0.0028406 -0.0027677 0.0114886 -0.0036620 0.0125616 0.0174137 -0.0001158 0.0187968 0.0060770 0.0061150 0.0127731 0.0091530 0.0081901 -0.0077238 -0.0023397 -0.0012965 0.0113462 0.0054397 -0.0065925 -0.0186067 -0.0643593 -0.0186538 -0.0383954 -0.0398237 -0.0374906 -0.0180959 -0.0355324 -0.0377658 -0.0555454 -0.0469799 -0.0265768 -0.0380226 -0.0300800 -0.0464009 -0.0461406 -0.0181832 -0.0310748 -0.0113555 -0.0440929 -0.0191989 -0.0460223 0.0024724 -0.0464472 -0.0628163 -0.0620538 -0.0148999 -0.0355954 -0.0358560 -0.0431811 -0.0642043 -0.0380793 -0.1288155 -0.1327751 -0.0583952 -0.0474193 -0.0397817 -0.0829038 -0.0591063 -0.1556283 -0.0529286 -0.0836199 -0.0651486 -0.0653675 -0.0405686 -0.1124400 -0.0553191 -0.1392465
0.1022771 0.0998168 0.1092704 0.0953999 0.1136231 0.1105511 0.1130153 0.1177801 0.9109300 0.1444117 0.1583121 0.1474074 0.1461909 0.1417542 0.0989076 0.1038748 -0.0080529 0.0210984 0.0237173 0.0163145 0.0048324 0.0313322 0.0153184 0.0126836 0.0165968 0.0085137 0.0153232 0.0042138 0.0022440 -0.0011305 0.0087642 -0.0042717 0.0070072 0.0147097 -0.0041040 0.0153288 0.0053203 0.0049060 0.0076542 0.0039401 0.0063936 -0.0104038 -0.0061191 0.0011205 0.0155627 0.0025456 -0.0043521 -0.0215138 -0.0595429 -0.0198712 -0.0322468 -0.0446358 -0.0383212 -0.0194822 -0.0321083 -0.0375809 -0.0566502 -0.0395616 -0.0290901 -0.0369183 -0.0310710 -0.0464827 -0.0457150 -0.0192468 -0.0311494 -0.0112917 -0.0429386 -0.0193901 -0.0474271 0.0005684 -0.0475220 -0.0630417 -0.0561061 -0.0186476 -0.0359785 -0.0386986 -0.0508586 -0.0619713 -0.0342885 -0.1230967 -0.1258010 -0.0569041 -0.0515414 -0.0382979 -0.0865106 -0.0601373 -0.1424634 -0.0538440 -0.0830056 -0.0736168 -0.0718131 -0.0410163 -0.1080999 -0.0547020 -0.1370210
0.0943860 0.0943270 0.1027387 0.0869081 0.1043661 0.0998505 0.1081437 0.1086782 0.1444117 0.8831032 0.1465227 0.1480211 0.1555918 0.1426982 0.0922316 0.0974751 -0.0169712 0.0162476 0.0153158 0.0107957 -0.0030347 0.0269873 0.0075987 0.0055687 0.0125634 0.0097524 0.0134760 0.0028279 -0.0000964 -0.0024865 0.0039270 -0.0063766 0.0085620 0.0153207 -0.0031308 0.0171095 0.0032145 0.0059645 0.0134168 0.0065799 0.0000136 -0.0116192 -0.0039838 0.0009477 0.0136984 -0.0001519 -0.0083213 -0.0170565 -0.0628600 -0.0173975 -0.0334691 -0.0404404 -0.0371756 -0.0163616 -0.0356514 -0.0336936 -0.0523062 -0.0407861 -0.0284601 -0.0354298 -0.0318137 -0.0460915 -0.0461559 -0.0198895 -0.0281050 -0.0122108 -0.0424662 -0.0167096 -0.0461703 -0.0032946 -0.0471466 -0.0622059 -0.0568288 -0.0206441 -0.0370730 -0.0340304 -0.0452962 -0.0613896 -0.0357026 -0.1191540 -0.1222364 -0.0569006 -0.0468525 -0.0365016 -0.0852261 -0.0566417 -0.1430886 -0.0541827 -0.0792498 -0.0647868 -0.0649179 -0.0381897 -0.1049262 -0.0541869 -0.1340487
0.1002637 0.1002830 0.1051986 0.0947792 0.1101838 0.1056029 0.1127493 0.1141910 0.1583121 0.1465227 0.9142256 0.1634898 0.1493591 0.1480590 0.1006878 0.1017435 -0.0099050 0.0202713 0.0263878 0.0161731 0.0066833 0.0337619 0.0167657 0.0094096 0.0125623 0.0045306 0.0121234 0.0028434 -0.0001043 -0.0067199 0.0050504 -0.0105145 0.0074900 0.0149071 -0.0030329 0.0147448 0.0055758 0.0037584 0.0111449 0.0040186 0.0035663 -0.0141952 -0.0056376 0.0001869 0.0133631 -0.0004650 -0.0110535 -0.0189864 -0.0589619 -0.0196233 -0.0318593 -0.0432983 -0.0368338 -0.0195102 -0.0347756 -0.0371931 -0.0586099 -0.0387799 -0.0300806 -0.0374071 -0.0397473 -0.0562621 -0.0570542 -0.0173006 -0.0310853 -0.0137289 -0.0412542 -0.0173477 -0.0489559 -0.0043832 -0.0469418 -0.0654417 -0.0588389 -0.0204154 -0.0365262 -0.0407174 -0.0498676 -0.0603734 -0.0381707 -0.1198212 -0.1230547 -0.0618659 -0.0467048 -0.0406203 -0.0863247 -0.0613890 -0.1397483 -0.0542998 -0.0837871 -0.0576551 -0.0565751 -0.0360880 -0.1073026 -0.0537985 -0.1348158
0.1041708 0.1001771 0.1049260 0.0916359 0.1091672 0.1052034 0.1128533 0.1181010 0.1474074 0.1480211 0.1634898 0.8961918 0.1500208 0.1450144 0.0947393 0.1027760 -0.0133034 0.0203721 0.0213480 0.0116187 0.0004567 0.0313858 0.0157479 0.0085259 0.0110469 0.0048291 0.0116984 0.0005572 -0.0001783 -0.0030888 0.0048619 -0.0085819 0.0065926 0.0147371 -0.0021934 0.0169604 0.0048694 0.0030065 0.0090936 0.0006536 0.0052827 -0.0128148 -0.0009440 -0.0021276 0.0168514 -0.0014507 -0.0066473 -0.0226312 -0.0659960 -0.0208954 -0.0317040 -0.0418501 -0.0354305 -0.0151173 -0.0364509 -0.0384794 -0.0569391 -0.0360431 -0.0271393 -0.0413087 -0.0342260 -0.0489899 -0.0496119 -0.0224345 -0.0307802 -0.0149444 -0.0403413 -0.0210149 -0.0468175 -0.0013847 -0.0450744 -0.0643685 -0.0594198 -0.0252156 -0.0404424 -0.0367809 -0.0493076 -0.0639967 -0.0331197 -0.1198077 -0.1223868 -0.0584580 -0.0491635 -0.0417929 -0.0883703 -0.0604108 -0.1399858 -0.0536086 -0.0836068 -0.0696007 -0.0681337 -0.0420070 -0.1043564 -0.0532035 -0.1381917
0.0912180 0.0931422 0.1023165 0.0862422 0.1064109 0.1005208 0.1055910 0.1053415 0.1461909 0.1555918 0.1493591 0.1500208 0.8847971 0.1499837 0.0952182 0.0988122 -0.0192275 0.0150524 0.0174807 0.0063689 -0.0051377 0.0279057 0.0088471 0.0036646 0.0147511 0.0066684 0.0185970 0.0040802 0.0038540 -0.0012131 0.0092328 -0.0039068 0.0106393 0.0155998 -0.0048313 0.0182156 0.0077417 0.0073302 0.0124871 0.0038445 0.0017205 -0.0115755 -0.0059692 0.0040013 0.0124972 -0.0002716 -0.0037480 -0.0218409 -0.0627380 -0.0184137 -0.0356472 -0.0361390 -0.0328182 -0.0214050 -0.0327551 -0.0372586 -0.0547756 -0.0398267 -0.0227420 -0.0371610 -0.0287996 -0.0461966 -0.0443726 -0.0245057 -0.0278439 -0.0109975 -0.0424920 -0.0199278 -0.0462485 -0.0006307 -0.0456611 -0.0607611 -0.0600338 -0.0189281 -0.0360760 -0.0345505 -0.0459835 -0.0619212 -0.0327581 -0.1241459 -0.1238767 -0.0576496 -0.0493124 -0.0397453 -0.0875756 -0.0596732 -0.1451257 -0.0551345 -0.0833798 -0.0696103 -0.0695325 -0.0402360 -0.1082574 -0.0544206 -0.1371723
0.0916900 0.0907968 0.0995586 0.0857688 0.1052296 0.0983953 0.1052698 0.1070874 0.1417542 0.1426982 0.1480590 0.1450144 0.1499837 0.8856851 0.0942244 0.0899034 -0.0116896 0.0187623 0.0227834 0.0077306 -0.0026894 0.0297038 0.0095828 0.0082159 0.0145756 0.0037141 0.0126588 0.0031329 0.0019865 -0.0038826 0.0038378 -0.0072208 0.0048652 0.0151340 -0.0024240 0.0163319 0.0068524 0.0042841 0.0080192 0.0082300 0.0038147 -0.0119197 -0.0023298 0.0015307 0.0122031 0.0022620 -0.0064710 -0.0166560 -0.0607419 -0.0191339 -0.0334217 -0.0438302 -0.0361535 -0.0222474 -0.0331500 -0.0332471 -0.0571840 -0.0404326 -0.0263402 -0.0360354 -0.0318998 -0.0494388 -0.0489834 -0.0166360 -0.0300063 -0.0110411 -0.0400841 -0.0155751 -0.0433980 -0.0034642 -0.0452645 -0.0637144 -0.0573208 -0.0182132 -0.0358262 -0.0336146 -0.0443728 -0.0590063 -0.0345344 -0.1213268 -0.1194355 -0.0600340 -0.0455072 -0.0379191 -0.0874448 -0.0560473 -0.1419178 -0.0521491 -0.0841484 -0.0634949 -0.0620316 -0.0354005 -0.1069471 -0.0455138 -0.1343924
0.0840665 0.0802991 0.0924741 0.0797079 0.0882506 0.0867549 0.0886214 0.0949188 0.0989076 0.0922316 0.1006878 0.0947393 0.0952182 0.0942244 0.8678985 0.0860314 -0.0196089 0.0046908 0.0087243 -0.0077743 -0.0144320 0.0178284 -0.0032045 -0.0061973 0.0167887 0.0120383 0.0215084 0.0095074 0.0088041 0.0074138 0.0179222 0.0015419 0.0137778 0.0165856 0.0054786 0.0187943 0.0094493 0.0137556 0.0146041 0.0138402 0.0009837 -0.0022344 0.0008653 0.0033740 0.0139415 0.0094632 -0.0051124 -0.0103985 -0.0567189 -0.0134088 -0.0259395 -0.0365313 -0.0282280 -0.0130511 -0.0240961 -0.0300760 -0.0450781 -0.0299308 -0.0117598 -0.0271672 -0.0179634 -0.0311954 -0.0319254 -0.0169019 -0.0241110 -0.0140467 -0.0323714 -0.0098871 -0.0403139 0.0029931 -0.0346977 -0.0521285 -0.0497666 -0.0198675 -0.0301841 -0.0309984 -0.0431386 -0.0542980 -0.0331345 -0.1097934 -0.1154997 -0.0421946 -0.0336273 -0.0294008 -0.0732452 -0.0494100 -0.1406161 -0.0467246 -0.0747410 -0.0621984 -0.0603754 -0.0349544 -0.0987790 -0.0463409 -0.1280749
0.0853882 0.0874036 0.0904491 0.0818219 0.0930798 0.0929383 0.0949139 0.0963162 0.1038748 0.0974751 0.1017435 0.1027760 0.0988122 0.0899034 0.0860314 0.8770521 -0.0230613 0.0020324 0.0063341 -0.0002246 -0.0098968 0.0192184 -0.0008876 -0.0021663 0.0182892 0.0177785 0.0198147 0.0101596 0.0114092 0.0076881 0.0174851 0.0091307 0.0198297 0.0148411 0.0067929 0.0223980 0.0104479 0.0118793 0.0137293 0.0077141 0.0079838 -0.0001504 0.0056110 -0.0007196 0.0119918 0.0108687 0.0021183 -0.0190025 -0.0574949 -0.0176186 -0.0260752 -0.0372066 -0.0316609 -0.0143889 -0.0302729 -0.0337747 -0.0477410 -0.0300771 -0.0153654 -0.0260212 -0.0158640 -0.0289597 -0.0285801 -0.0167394 -0.0233429 -0.0099462 -0.0349564 -0.0174070 -0.0438242 0.0021265 -0.0357775 -0.0538515 -0.0519772 -0.0131480 -0.0306301 -0.0250960 -0.0376486 -0.0597972 -0.0301366 -0.1099507 -0.1136699 -0.0422703 -0.0410041 -0.0306907 -0.0742989 -0.0527325 -0.1407690 -0.0470335 -0.0735024 -0.0732234 -0.0720471 -0.0344821 -0.0800778 -0.0514124 -0.1324854
-0.0111527 -0.0230876 -0.0189272 -0.0237968 -0.0184411 -0.0135137 -0.0225151 -0.0169809 -0.0080529 -0.0169712 -0.0099050 -0.0133034 -0.0192275 -0.0116896 -0.0196089 -0.0230613 1.1532233 0.1146362 0.1147884 0.1525913 0.1727924 0.1151011 0.1451642 0.1591320 -0.0663132 -0.0594336 -0.0660923 -0.0450457 -0.0661536 -0.0772455 -0.0893763 -0.0692039 -0.0862979 -0.0546147 -0.0470372 -0.0744074 -0.0573907 -0.0691404 -0.0719368 -0.0698986 -0.0029053 -0.0230670 -0.0774620 -0.0440844 -0.0393920 -0.0397183 -0.0263830 -0.1053887 0.0555642 -0.0414213 -0.0059067 0.0276289 -0.0369176 -0.0032489 -0.0168943 -0.0028838 0.0209600 -0.0003645 -0.0683478 -0.0103587 -0.0540586 -0.0545680 -0.0523069 -0.0622509 -0.0604869 -0.0530146 -0.0440245 -0.1014176 -0.0510378 -0.0600028 -0.0294633 0.0356141 0.0187272 -0.0086554 -0.0137222 -0.0115602 0.0150777 0.0144640 0.0132640 0.1185474 0.1285433 0.0039558 0.0064805 -0.0113353 0.0483319 0.0115304 0.2150066 0.0076801 0.0591437 -0.0788188 -0.0794207 -0.0381138 0.1444225 0.0058886 0.1628244
0.0113879 0.0064751 0.0063344 0.0014371 0.0139188 0.0117590 0.0107069 0.0112696 0.0210984 0.0162476 0.0202713 0.0203721 0.0150524 0.0187623 0.0046908 0.0020324 0.1146362 1.0697848 0.1112579 0.1280651 0.1325713 0.1161619 0.1249911 0.1178777 -0.0522459 -0.0564817 -0.0548113 -0.0515655 -0.0557199 -0.0722939 -0.0741127 -0.0683411 -0.0646084 -0.0376273 -0.0493143 -0.0631603 -0.0510399 -0.0600448 -0.0579096 -0.0605700 -0.0158866 -0.0466285 -0.0558898 -0.0302665 -0.0214361 -0.0495730 -0.0412385 -0.0712571 0.0267908 -0.0319309 -0.0091971 -0.0122359 -0.0293977 -0.0074731 -0.0403162 -0.0083036 -0.0025439 -0.0059883 -0.0677052 -0.0228579 -0.0747922 -0.0798415 -0.0786846 -0.0457503 -0.0412217 -0.0457318 -0.0357051 -0.0670378 -0.0520339 -0.0500567 -0.0342517 0.0065644 0.0001092 -0.0149812 -0.0228748 -0.0089908 -0.0086276 0.0169588 0.0030874 0.0643401 0.0686283 -0.0214631 -0.0026175 -0.0248690 0.0188046 0.0062382 0.1407763 -0.0124688 0.0301321 -0.0207157 -0.0197448 -0.0173161 0.0991713 -0.0175703 0.1143326
0.0138576 0.0077595 0.0146771 0.0052456 0.0151376 0.0121237 0.0167716 0.0186894 0.0237173 0.0153158 0.0263878 0.0213480 0.0174807 0.0227834 0.0087243 0.0063341 0.1147884 0.1112579 1.0637186 0.1256708 0.1390761 0.1110720 0.1198001 0.1154900 -0.0511674 -0.0453212 -0.0447065 -0.0487934 -0.0527345 -0.0702063 -0.0656553 -0.0619419 -0.0624183 -0.0357556 -0.0475150 -0.0507166 -0.0527294 -0.0591829 -0.0558624 -0.0532989 -0.0202040 -0.0400817 -0.0584652 -0.0304652 -0.0117684 -0.0425193 -0.0393821 -0.0670095 0.0320966 -0.0263163 -0.0095550 -0.0086565 -0.0220012 -0.0119640 -0.0328847 0.0001400 -0.0137525 -0.0139421 -0.0656883 -0.0171912 -0.0727379 -0.0710052 -0.0711609 -0.0429636 -0.0461632 -0.0472003 -0.0374394 -0.0629558 -0.0598339 -0.0483299 -0.0395874 -0.0058575 -0.0077924 -0.0136498 -0.0241093 -0.0171986 -0.0068605 0.0036359 -0.0041168 0.0621066 0.0746884 -0.0267859 -0.0023917 -0.0330406 0.0117878 -0.0019725 0.1262042 -0.0102685 0.0088251 -0.0268742 -0.0282618 -0.0210257 0.0896119 -0.0181098 0.0927744
0.0036494 -0.0007697 -0.0007430 -0.0076514 0.0050040 0.0032253 0.0072046 0.0064722 0.0163145 0.0107957 0.0161731 0.0116187 0.0063689 0.0077306 -0.0077743 -0.0002246 0.1525913 0.1280651 0.1256708 1.1372962 0.1502289 0.1415868 0.1639255 0.1367569 -0.0642567 -0.0611605 -0.0658403 -0.0627828 -0.0738790 -0.0850887 -0.0891169 -0.0799297 -0.0758935 -0.0441464 -0.0546095 -0.0715246 -0.0512561 -0.0691691 -0.0643052 -0.0678703 -0.0351750 -0.0555460 -0.0712853 -0.0363206 -0.0295263 -0.0667531 -0.0572814 -0.0648271 0.0471464 -0.0221331 -0.0020022 0.0082403 -0.0129555 -0.0154514 -0.0369070 -0.0151369 -0.0055175 -0.0032772 -0.0798065 -0.0155373 -0.0865206 -0.0906939 -0.0885980 -0.0540332 -0.0421475 -0.0517401 -0.0350058 -0.0626406 -0.0583731 -0.0538563 -0.0401870 0.0007244 0.0026427 -0.0000897 -0.0163977 -0.0308737 -0.0082611 0.0172356 -0.0042162 0.0884018 0.0740002 -0.0324183 -0.0233597 -0.0182083 0.0118829 -0.0025872 0.1794087 0.0022644 0.0509167 0.0030394 0.0039954 -0.0134617 0.1234182 -0.0323422 0.1396834
-0.0015105 -0.0117515 -0.0081768 -0.0157010 -0.0038634 -0.0001100 -0.0067480 -0.0030550 0.0048324 -0.0030347 0.0066833 0.0004567 -0.0051377 -0.0026894 -0.0144320 -0.0098968 0.1727924 0.1325713 0.1390761 0.1502289 1.1902297 0.1456859 0.1643911 0.1616983 -0.0705948 -0.0609909 -0.0618607 -0.0623688 -0.0728775 -0.0967325 -0.0892197 -0.0800851 -0.0885989 -0.0544732 -0.0597451 -0.0789720 -0.0742165 -0.0765324 -0.0762724 -0.0722912 -0.0154522 -0.0452898 -0.0820765 -0.0437756 -0.0323503 -0.0570742 -0.0444921 -0.1042153 0.0599097 -0.0312027 -0.0096340 0.0260557 -0.0186862 -0.0195304 -0.0433608 -0.0048898 0.0055045 -0.0135517 -0.0851866 -0.0232530 -0.0807121 -0.0734118 -0.0722941 -0.0551249 -0.0580680 -0.0624367 -0.0421459 -0.1031648 -0.0588659 -0.0614783 -0.0301783 0.0245887 0.0104258 -0.0100015 -0.0170493 -0.0290687 0.0084143 0.0361535 0.0002643 0.1112465 0.1199977 -0.0175964 -0.0061536 -0.0107387 0.0315917 0.0002020 0.2196921 0.0064650 0.0628805 -0.0419423 -0.0434380 -0.0168744 0.1538406 0.0043442 0.1630695
0.0258878 0.0161306 0.0204897 0.0093028 0.0282136 0.0262011 0.0251308 0.0263280 0.0313322 0.0269873 0.0337619 0.0313858 0.0279057 0.0297038 0.0178284 0.0192184 0.1151011 0.1161619 0.1110720 0.1415868 0.1456859 1.0888929 0.1385472 0.1377755 -0.0601833 -0.0473242 -0.0547954 -0.0482391 -0.0664638 -0.0796160 -0.0761255 -0.0706184 -0.0681250 -0.0374882 -0.0464031 -0.0590943 -0.0565441 -0.0574104 -0.0626352 -0.0571657 -0.0277127 -0.0538500 -0.0620917 -0.0321814 -0.0252201 -0.0574342 -0.0483298 -0.0705106 0.0343478 -0.0327946 -0.0071886 0.0023665 -0.0128836 -0.0199241 -0.0464921 -0.0141485 -0.0184267 -0.0075950 -0.0665199 -0.0192456 -0.0871796 -0.0805700 -0.0797235 -0.0518280 -0.0584833 -0.0511828 -0.0447987 -0.0684670 -0.0587544 -0.0492987 -0.0463079 -0.0076816 -0.0099788 -0.0147982 -0.0264888 -0.0285785 -0.0102759 0.0214262 0.0148122 0.0615099 0.0557801 -0.0386815 -0.0221024 -0.0201781 0.0027794 -0.0062286 0.1292153 -0.0106157 0.0217771 -0.0149382 -0.0147641 -0.0219062 0.0926999 -0.0254117 0.0998258
0.0040703 -0.0013044 0.0011643 -0.0060684 0.0044380 0.0076142 0.0023899 0.0056554 0.0153184 0.0075987 0.0167657 0.0157479 0.0088471 0.0095828 -0.0032045 -0.0008876 0.1451642 0.1249911 0.1198001 0.1639255 0.1643911 0.1385472 1.1272018 0.1483406 -0.0639158 -0.0604769 -0.0631884 -0.0569864 -0.0667174 -0.0824668 -0.0778953 -0.0675733 -0.0758575 -0.0475448 -0.0553543 -0.0747488 -0.0664519 -0.0703031 -0.0739856 -0.0683694 -0.0140457 -0.0406764 -0.0719676 -0.0363682 -0.0329225 -0.0496416 -0.0449967 -0.0891351 0.0357295 -0.0290866 -0.0005543 0.0136887 -0.0227115 -0.0109726 -0.0392273 -0.0075478 -0.0092932 0.0122369 -0.0655220 -0.0147317 -0.0770864 -0.0689989 -0.0684927 -0.0647070 -0.0613024 -0.0513559 -0.0458414 -0.0867536 -0.0602255 -0.0548949 -0.0429709 0.0136170 -0.0045746 -0.0026810 -0.0249236 -0.0245069 0.0043562 0.0126906 0.0080130 0.0990300 0.0919015 -0.0173810 -0.0116145 -0.0105794 0.0271424 0.0044013 0.1781911 0.0093933 0.0494707 -0.0473389 -0.0474638 -0.0259673 0.1253275 -0.0172199 0.1443447
0.0088737 -0.0064179 -0.0021947 -0.0047787 0.0032326 0.0046853 -0.0000088 -0.0024868 0.0126836 0.0055687 0.0094096 0.0085259 0.0036646 0.0082159 -0.0061973 -0.0021663 0.1591320 0.1178777 0.1154900 0.1367569 0.1616983 0.1377755 0.1483406 1.1159351 -0.0584162 -0.0458097 -0.0597392 -0.0465374 -0.0603412 -0.0772557 -0.0798510 -0.0595069 -0.0797815 -0.0462390 -0.0574825 -0.0651371 -0.0574209 -0.0641265 -0.0650499 -0.0664936 -0.0116620 -0.0408026 -0.0698355 -0.0356581 -0.0236794 -0.0462114 -0.0354463 -0.0939975 0.0318964 -0.0331648 -0.0013190 0.0202675 -0.0294509 -0.0094475 -0.0253294 -0.0107682 0.0000398 -0.0050926 -0.0702169 -0.0268583 -0.0666680 -0.0651360 -0.0645045 -0.0628093 -0.0573184 -0.0576156 -0.0432214 -0.0905656 -0.0527790 -0.0471776 -0.0326820 0.0180431 0.0073908 -0.0148073 -0.0236205 -0.0152206 0.0041065 0.0198618 -0.0042276 0.0874521 0.0802132 -0.0204261 -0.0116813 -0.0216977 0.0315620 -0.0030320 0.1734047 -0.0075987 0.0289133 -0.0364573 -0.0386458 -0.0288434 0.1159422 -0.0109322 0.1279735
0.0150890 0.0178279 0.0139944 0.0180861 0.0174794 0.0169298 0.0143859 0.0150115 0.0165968 0.0125634 0.0125623 0.0110469 0.0147511 0.0145756 0.0167887 0.0182892 -0.0663132 -0.0522459 -0.0511674 -0.0642567 -0.0705948 -0.0601833 -0.0639158 -0.0584162 0.8430737 0.0321204 0.0384935 0.0535825 0.0683050 0.0799953 0.0778689 0.0578363 0.0341184 0.0217869 0.0217625 0.0369089 0.0240684 0.0258206 0.0202007 0.0294487 0.0101068 0.0201557 0.0225977 0.0075118 0.0139549 0.0320637 0.0162529 0.0076002 -0.0482447 -0.0100445 -0.0178284 -0.0182811 -0.0176235 -0.0024368 -0.0073249 -0.0167910 -0.0170896 -0.0170284 0.0234027 -0.0032849 0.0267862 0.0227918 0.0244245 0.0072100 -0.0008948 0.0118780 -0.0068792 0.0056151 0.0024676 0.0244723 -0.0064549 -0.0239180 -0.0297050 -0.0085598 -0.0095309 0.0008320 -0.0184652 -0.0396667 -0.0235707 -0.0783292 -0.0918832 -0.0019079 -0.0094835 -0.0004523 -0.0473370 -0.0241151 -0.1317326 -0.0201793 -0.0584174 -0.0579314 -0.0598785 -0.0135653 -0.0971510 -0.0161626 -0.1167446
0.0099366 0.0093934 0.0074989 0.0095641 0.0078673 0.0102399 0.0088596 0.0124370 0.0085137 0.0097524 0.0045306 0.0048291 0.0066684 0.0037141 0.0120383 0.0177785 -0.0594336 -0.0564817 -0.0453212 -0.0611605 -0.0609909 -0.0473242 -0.0604769 -0.0458097 0.0321204 0.8541188 0.0722829 0.0255447 0.0445720 0.0337611 0.0431940 0.0384792 0.0307807 0.0177362 0.0134688 0.0355111 0.0210823 0.0212212 0.0218983 0.0281983 0.0113838 0.0249915 0.0155610 0.0000169 0.0060743 0.0322172 0.0199099 -0.0022893 -0.0417590 -0.0025602 -0.0084080 -0.0135932 -0.0037868 0.0053922 0.0079099 -0.0207427 -0.0119739 -0.0086250 0.0277767 0.0037122 0.0449069 0.0381105 0.0387681 0.0012792 -0.0014062 0.0067813 -0.0119265 -0.0019699 -0.0098308 0.0142448 -0.0084946 -0.0202567 -0.0153170 -0.0044731 -0.0005885 -0.0025207 -0.0099177 -0.0414541 -0.0134167 -0.0620214 -0.0701934 0.0087381 -0.0145492 0.0041067 -0.0338702 -0.0101318 -0.1231410 -0.0161884 -0.0503005 -0.0638823 -0.0629470 -0.0103743 -0.0766203 -0.0192808 -0.1005155
0.0133284 0.0164223 0.0186513 0.0189006 0.0169442 0.0177060 0.0170921 0.0174440 0.0153232 0.0134760 0.0121234 0.0116984 0.0185970 0.0126588 0.0215084 0.0198147 -0.0660923 -0.0548113 -0.0447065 -0.0658403 -0.0618607 -0.0547954 -0.0631884 -0.0597392 0.0384935 0.0722829 0.8503463 0.0338343 0.0392585 0.0435969 0.0429994 0.0447646 0.0330320 0.0205537 0.0182748 0.0298000 0.0263450 0.0216446 0.0243638 0.0317767 0.0096998 0.0234752 0.0207215 0.0085166 0.0100086 0.0251626 0.0187218 0.0078385 -0.0484697 -0.0050879 -0.0205016 -0.0132762 -0.0142725 -0.0047833 -0.0026368 -0.0235957 -0.0171426 -0.0067453 0.0215099 0.0070844 0.0342771 0.0291159 0.0282240 0.0137352 0.0047861 0.0029591 -0.0060292 0.0054129 -0.0021970 0.0210895 -0.0016232 -0.0258071 -0.0287904 -0.0051456 -0.0022587 0.0014132 -0.0166212 -0.0403338 -0.0184019 -0.0823508 -0.0886053 0.0009859 -0.0107954 -0.0017714 -0.0377482 -0.0187564 -0.1287400 -0.0238940 -0.0524486 -0.0588288 -0.0584568 -0.0117818 -0.0890390 -0.0142380 -0.1082175
-0.0024370 0.0056127 0.0043841 0.0081931 -0.0001097 0.0062812 0.0022504 0.0040804 0.0042138 0.0028279 0.0028434 0.0005572 0.0040802 0.0031329 0.0095074 0.0101596 -0.0450457 -0.0515655 -0.0487934 -0.0627828 -0.0623688 -0.0482391 -0.0569864 -0.0465374 0.0535825 0.0255447 0.0338343 0.8666651 0.0736723 0.0534022 0.0467599 0.0680123 0.0156075 0.0138814 0.0102344 0.0298337 0.0243628 0.0173706 0.0189623 0.0111389 0.0289563 0.0304842 0.0159206 0.0022033 0.0046477 0.0428757 0.0390404 -0.0036706 -0.0470890 -0.0144394 -0.0024514 -0.0037969 -0.0073253 0.0168135 0.0047565 -0.0287029 -0.0062145 -0.0104976 0.0309730 0.0030895 0.0447905 0.0467057 0.0460481 0.0004170 -0.0067283 0.0009344 -0.0201121 -0.0037617 -0.0084092 0.0193970 -0.0059345 -0.0063360 -0.0077327 -0.0078705 -0.0054165 0.0073062 -0.0079574 -0.0422265 -0.0172459 -0.0651379 -0.0632926 0.0101488 -0.0090980 0.0014301 -0.0373335 -0.0126995 -0.1040271 -0.0194646 -0.0621868 -0.0871736 -0.0880699 -0.0252325 -0.0791679 -0.0165131 -0.0960719
0.0035224 0.0080307 0.0026924 0.0111959 0.0014341 0.0071990 0.0023253 0.0028406 0.0022440 -0.0000964 -0.0001043 -0.0001783 0.0038540 0.0019865 0.0088041 0.0114092 -0.0661536 -0.0557199 -0.0527345 -0.0738790 -0.0728775 -0.0664638 -0.0667174 -0.0603412 0.0683050 0.0445720 0.0392585 0.0736723 0.8626873 0.0668924 0.0576259 0.0821277 0.0260386 0.0182683 0.0149439 0.0317822 0.0232653 0.0259484 0.0237518 0.0206202 0.0201683 0.0189845 0.0187421 0.0024282 0.0056518 0.0338034 0.0212733 -0.0013061 -0.0338066 -0.0103567 -0.0084972 -0.0204458 -0.0042710 0.0114221 0.0015982 -0.0226493 -0.0080623 -0.0027044 0.0327028 0.0050341 0.0502959 0.0487121 0.0501561 0.0104310 -0.0039198 0.0075435 -0.0128257 -0.0018373 -0.0081914 0.0236443 -0.0037742 -0.0110485 -0.0186979 -0.0046818 -0.0049011 0.0047626 -0.0070536 -0.0433334 -0.0128079 -0.0668639 -0.0700868 0.0125562 -0.0135551 0.0055261 -0.0383007 -0.0218834 -0.1206877 -0.0242042 -0.0520871 -0.0755077 -0.0774882 -0.0203413 -0.0857965 -0.0178233 -0.1034117
-0.0037879 0.0056076 0.0026293 0.0058569 -0.0010009 0.0020326 0.0015280 -0.0027677 -0.0011305 -0.0024865 -0.0067199 -0.0030888 -0.0012131 -0.0038826 0.0074138 0.0076881 -0.0772455 -0.0722939 -0.0702063 -0.0850887 -0.0967325 -0.0796160 -0.0824668 -0.0772557 0.0799953 0.0337611 0.0435969 0.0534022 0.0668924 0.8624141 0.0801608 0.0649447 0.0266329 0.0238891 0.0225202 0.0366177 0.0303577 0.0402346 0.0244830 0.0355422 0.0108434 0.0269885 0.0321811 0.0110491 0.0126142 0.0331535 0.0268405 0.0251151 -0.0451071 -0.0069171 -0.0133219 -0.0108864 -0.0041740 0.0037796 0.0118283 -0.0198073 -0.0153810 -0.0086363 0.0288684 0.0015816 0.0502575 0.0470959 0.0466186 0.0210595 0.0038645 0.0152901 -0.0009267 0.0244369 0.0129407 0.0322696 0.0053484 -0.0208935 -0.0145281 -0.0106570 -0.0079963 0.0157781 -0.0162068 -0.0379348 -0.0184532 -0.0787667 -0.0808175 0.0127052 -0.0046726 -0.0008767 -0.0343907 -0.0130549 -0.1371059 -0.0175653 -0.0568011 -0.0523849 -0.0525582 -0.0126848 -0.0952822 -0.0118795 -0.1154436
0.0079125 0.0115714 0.0131743 0.0163934 0.0127603 0.0093859 0.0101323 0.0114886 0.0087642 0.0039270 0.0050504 0.0048619 0.0092328 0.0038378 0.0179222 0.0174851 -0.0893763 -0.0741127 -0.0656553 -0.0891169 -0.0892197 -0.0761255 -0.0778953 -0.0798510 0.0778689 0.0431940 0.0429994 0.0467599 0.0576259 0.0801608 0.8475286 0.0592889 0.0358501 0.0277374 0.0232920 0.0452347 0.0349788 0.0368892 0.0361452 0.0362609 0.0127755 0.0229507 0.0359427 0.0120724 0.0165184 0.0406097 0.0237409 0.0244339 -0.0582530 0.0007840 -0.0131259 -0.0102921 -0.0049099 0.0027332 0.0071639 -0.0165733 -0.0216978 -0.0138517 0.0426031 0.0015173 0.0405902 0.0370126 0.0378479 0.0110340 0.0086070 0.0133489 -0.0049456 0.0234499 0.0085527 0.0360453 -0.0001563 -0.0287822 -0.0217340 -0.0035083 -0.0008747 0.0005080 -0.0179026 -0.0436015 -0.0222023 -0.0876975 -0.0977715 0.0014227 -0.0139262 0.0038815 -0.0482095 -0.0227465 -0.1478996 -0.0212516 -0.0612071 -0.0485718 -0.0495902 -0.0122669 -0.1127375 -0.0071655 -0.1288868
-0.0026630 0.0031104 -0.0069847 0.0018525 -0.0051607 -0.0033044 -0.0046461 -0.0036620 -0.0042717 -0.0063766 -0.0105145 -0.0085819 -0.0039068 -0.0072208 0.0015419 0.0091307 -0.0692039 -0.0683411 -0.0619419 -0.0799297 -0.0800851 -0.0706184 -0.0675733 -0.0595069 0.0578363 0.0384792 0.0447646 0.0680123 0.0821277 0.0649447 0.0592889 0.8723781 0.0331582 0.0156726 0.0122833 0.0388762 0.0267971 0.0253226 0.0258679 0.0211092 0.0190349 0.0326696 0.0163489 0.0045499 0.0056192 0.0448585 0.0296545 -0.0068234 -0.0464624 -0.0094254 -0.0133182 -0.0012294 -0.0134263 0.0139397 0.0074362 -0.0187844 -0.0069320 0.0019494 0.0344615 0.0148774 0.0605665 0.0691910 0.0700789 -0.0001231 -0.0076945 0.0045756 -0.0020014 -0.0065912 -0.0003730 0.0233068 0.0090911 -0.0044473 -0.0145211 -0.0079496 -0.0053794 0.0226108 0.0006883 -0.0408374 -0.0191493 -0.0576895 -0.0642183 0.0203882 -0.0123208 0.0053284 -0.0310343 -0.0137059 -0.1080052 -0.0231554 -0.0482262 -0.1024497 -0.1045358 -0.0214681 -0.0747796 -0.0042600 -0.0983732
0.0078059 0.0093764 0.0149177 0.0132541 0.0109014 0.0123699 0.0129824 0.0125616 0.0070072 0.0085620 0.0074900 0.0065926 0.0106393 0.0048652 0.0137778 0.0198297 -0.0862979 -0.0646084 -0.0624183 -0.0758935 -0.0885989 -0.0681250 -0.0758575 -0.0797815 0.0341184 0.0307807 0.0330320 0.0156075 0.0260386 0.0266329 0.0358501 0.0331582 0.8401673 0.0264413 0.0279569 0.0466513 0.0290695 0.0417787 0.0405306 0.0420348 0.0075028 0.0208509 0.0344115 0.0136174 0.0161373 0.0213609 0.0120775 0.0330589 -0.0430499 0.0108707 -0.0096567 -0.0223625 -0.0025147 -0.0007542 0.0028073 -0.0141269 -0.0153425 -0.0118598 0.0336099 -0.0067560 0.0287344 0.0248124 0.0250604 0.0202245 0.0150925 0.0161618 0.0051102 0.0297739 0.0077382 0.0266156 0.0009224 -0.0261368 -0.0237202 -0.0017059 -0.0032956 -0.0024408 -0.0189264 -0.0338003 -0.0207537 -0.0796101 -0.0812491 -0.0067885 -0.0111185 -0.0032394 -0.0395871 -0.0147853 -0.1420304 -0.0136449 -0.0482062 -0.0175348 -0.0189831 -0.0077845 -0.1031107 -0.0172492 -0.1038916
0.0143745 0.0162596 0.0180661 0.0178015 0.0174871 0.0149773 0.0182380 0.0174137 0.0147097 0.0153207 0.0149071 0.0147371 0.0155998 0.0151340 0.0165856 0.0148411 -0.0546147 -0.0376273 -0.0357556 -0.0441464 -0.0544732 -0.0374882 -0.0475448 -0.0462390 0.0217869 0.0177362 0.0205537 0.0138814 0.0182683 0.0238891 0.0277374 0.0156726 0.0264413 0.9539597 0.0166076 0.0240613 0.0207348 0.0250480 0.0246387 0.0236260 -0.0001675 0.0044783 0.0256607 0.0123144 0.0112200 0.0104433 0.0073506 0.0371993 -0.0238904 0.0093670 -0.0036048 -0.0155351 0.0043928 -0.0022466 0.0041801 -0.0043837 -0.0127979 -0.0074244 0.0156939 -0.0044675 0.0103391 0.0044295 0.0042444 0.0195108 0.0190128 0.0168213 0.0079861 0.0371037 0.0132633 0.0183320 0.0029380 -0.0224235 -0.0132059 -0.0006013 -0.0008665 -0.0060944 -0.0154478 -0.0157184 -0.0096255 -0.0578650 -0.0623706 -0.0112394 -0.0069743 -0.0031039 -0.0251508 -0.0154447 -0.0958424 -0.0083946 -0.0278169 0.0278515 0.0281426 0.0038111 -0.0656945 -0.0066761 -0.0726124
-0.0011834 0.0028602 0.0013592 0.0052604 -0.0025222 -0.0035397 0.0010405 -0.0001158 -0.0041040 -0.0031308 -0.0030329 -0.0021934 -0.0048313 -0.0024240 0.0054786 0.0067929 -0.0470372 -0.0493143 -0.0475150 -0.0546095 -0.0597451 -0.0464031 -0.0553543 -0.0574825 0.0217625 0.0134688 0.0182748 0.0102344 0.0149439 0.0225202 0.0232920 0.0122833 0.0279569 0.0166076 0.8784219 0.0267594 0.0228790 0.0229701 0.0150488 0.0228722 -0.0012147 0.0041923 0.0227221 -0.0046924 0.0041310 0.0080221 0.0071192 0.0166622 -0.0247937 -0.0008789 -0.0027765 -0.0156430 0.0001776 0.0003247 0.0012925 -0.0105547 -0.0005309 0.0026800 0.0182219 0.0033003 0.0175585 0.0124303 0.0122483 0.0107062 0.0053308 0.0096630 -0.0014993 0.0170578 0.0046035 0.0197223 0.0022057 -0.0123531 -0.0181242 -0.0034300 -0.0042864 0.0003876 -0.0043877 -0.0162383 -0.0032086 -0.0523903 -0.0533718 0.0016069 0.0021886 0.0053471 -0.0169818 -0.0111766 -0.0880992 -0.0124428 -0.0228298 -0.0174711 -0.0175432 -0.0022945 -0.0645367 -0.0021236 -0.0669606
0.0130398 0.0167273 0.0196192 0.0172218 0.0171724 0.0142613 0.0177083 0.0187968 0.0153288 0.0171095 0.0147448 0.0169604 0.0182156 0.0163319 0.0187943 0.0223980 -0.0744074 -0.0631603 -0.0507166 -0.0715246 -0.0789720 -0.0590943 -0.0747488 -0.0651371 0.0369089 0.0355111 0.0298000 0.0298337 0.0317822 0.0366177 0.0452347 0.0388762 0.0466513 0.0240613 0.0267594 0.8509492 0.0369008 0.0340912 0.0374143 0.0352950 0.0127462 0.0201150 0.0316711 0.0081900 0.0118353 0.0278608 0.0217662 0.0145015 -0.0427608 0.0022345 -0.0102291 -0.0191071 -0.0012433 0.0018452 -0.0010561 -0.0079089 -0.0199998 -0.0134021 0.0352234 -0.0037484 0.0370541 0.0372667 0.0362119 0.0104228 0.0129559 0.0188177 -0.0039004 0.0159591 0.0035620 0.0317662 -0.0060036 -0.0216504 -0.0210573 -0.0069434 -0.0020733 0.0002348 -0.0156374 -0.0370538 -0.0179863 -0.0897878 -0.0911576 0.0010047 -0.0109540 -0.0020891 -0.0422881 -0.0258045 -0.1406914 -0.0204782 -0.0600752 -0.0493120 -0.0491439 -0.0142417 -0.1032163 -0.0211492 -0.1222749
0.0070415 0.0072825 0.0094993 0.0108427 0.0062452 0.0021450 0.0032799 0.0060770 0.0053203 0.0032145 0.0055758 0.0048694 0.0077417 0.0068524 0.0094493 0.0104479 -0.0573907 -0.0510399 -0.0527294 -0.0512561 -0.0742165 -0.0565441 -0.0664519 -0.0574209 0.0240684 0.0210823 0.0263450 0.0243628 0.0232653 0.0303577 0.0349788 0.0267971 0.0290695 0.0207348 0.0228790 0.0369008 0.8592428 0.0277269 0.0338667 0.0280120 -0.0000075 0.0075435 0.0237891 0.0025157 0.0125424 0.0164008 0.0074235 0.0172239 -0.0353315 -0.0004481 -0.0080963 -0.0092796 -0.0055248 0.0027110 0.0081889 -0.0203610 -0.0166060 -0.0094832 0.0285034 0.0015382 0.0227697 0.0198172 0.0210837 0.0082834 0.0161625 0.0106634 0.0013826 0.0174532 0.0075388 0.0272114 -0.0011728 -0.0160576 -0.0156204 -0.0019823 0.0015971 0.0013178 -0.0107604 -0.0323654 -0.0170695 -0.0818259 -0.0837605 -0.0038955 -0.0148264 0.0032805 -0.0272741 -0.0204996 -0.1158401 -0.0085134 -0.0362995 -0.0254507 -0.0249595 -0.0071976 -0.0859750 -0.0092023 -0.0953549
0.0058487 0.0109074 0.0063762 0.0144618 0.0081793 0.0037162 0.0071931 0.0061150 0.0049060 0.0059645 0.0037584 0.0030065 0.0073302 0.0042841 0.0137556 0.0118793 -0.0691404 -0.0600448 -0.0591829 -0.0691691 -0.0765324 -0.0574104 -0.0703031 -0.0641265 0.0258206 0.0212212 0.0216446 0.0173706 0.0259484 0.0402346 0.0368892 0.0253226 0.0417787 0.0250480 0.0229701 0.0340912 0.0277269 0.8706392 0.0340141 0.0376096 -0.0014674 0.0131616 0.0362938 0.0108038 0.0086362 0.0173614 0.0134016 0.0314500 -0.0355088 0.0096569 -0.0048404 -0.0131734 0.0006468 -0.0041163 0.0094180 -0.0091178 -0.0177469 -0.0073777 0.0236315 -0.0102729 0.0203006 0.0143066 0.0136609 0.0182077 0.0143085 0.0199625 0.0078891 0.0305753 0.0175112 0.0306372 0.0012789 -0.0309161 -0.0152475 -0.0008558 -0.0023096 -0.0083528 -0.0200792 -0.0173363 -0.0130004 -0.0769711 -0.0908120 -0.0063279 -0.0129875 0.0031901 -0.0291826 -0.0254755 -0.1235285 -0.0122487 -0.0375231 0.0091813 0.0093640 -0.0066863 -0.0927568 -0.0117344 -0.0998055
0.0114724 0.0125458 0.0146135 0.0165509 0.0159381 0.0061190 0.0129983 0.0127731 0.0076542 0.0134168 0.0111449 0.0090936 0.0124871 0.0080192 0.0146041 0.0137293 -0.0719368 -0.0579096 -0.0558624 -0.0643052 -0.0762724 -0.0626352 -0.0739856 -0.0650499 0.0202007 0.0218983 0.0243638 0.0189623 0.0237518 0.0244830 0.0361452 0.0258679 0.0405306 0.0246387 0.0150488 0.0374143 0.0338667 0.0340141 0.8490801 0.0322285 -0.0004532 0.0064756 0.0245797 0.0143599 0.0072164 0.0257532 0.0108903 0.0326988 -0.0456381 0.0083359 -0.0061428 -0.0099692 -0.0038377 -0.0022674 0.0114363 -0.0085688 -0.0132636 -0.0175258 0.0232595 -0.0133813 0.0227552 0.0146354 0.0136730 0.0200884 0.0173245 0.0153658 -0.0012745 0.0300746 0.0049415 0.0151892 -0.0058073 -0.0296099 -0.0246182 -0.0032235 -0.0022157 -0.0082408 -0.0103858 -0.0333431 -0.0128749 -0.0696763 -0.0786077 -0.0129954 -0.0186354 0.0026023 -0.0414360 -0.0182133 -0.1328351 -0.0188595 -0.0503413 -0.0044429 -0.0044592 -0.0025709 -0.0945536 -0.0211094 -0.0963108
