0.8963442 0.1988395 0.1673772 0.1850757 0.1719484 0.1670888 0.1697269 0.1755125 0.1707991 0.1666321 0.1678688 0.1761576 0.1650805 0.1637762 0.1557578 0.1587269 0.0405255 0.0632917 0.0675987 0.0584087 0.0557018 0.0840536 0.0587819 0.0637959 0.0796648 0.0737274 0.0791507 0.0622481 0.0666837 0.0618308 0.0771246 0.0625823 0.0753272 0.0592713 0.0587952 0.0789530 0.0694426 0.0672555 0.0780178 0.0717809 0.0640224 0.0549075 0.0543182 0.0558989 0.0732611 0.0691702 0.0576779 0.0353256 -0.0193768 0.0372313 0.0204683 0.0110852 0.0177162 0.0372986 0.0217171 0.0083369 -0.0038786 0.0092426 0.0429235 0.0243693 0.0468785 0.0275308 0.0276721 0.0411533 0.0154170 0.0404383 0.0078192 0.0357448 0.0027878 0.0591317 0.0122655 -0.0068459 -0.0036661 0.0376217 0.0185404 0.0233864 0.0140701 -0.0148133 0.0125455 -0.0835139 -0.0925723 0.0027063 0.0054370 0.0207790 -0.0383929 -0.0082258 -0.1369719 -0.0029615 -0.0432373 -0.0404204 -0.0414354 0.0106210 -0.0765283 -0.0025305 -0.1175213 -0.3029835 -0.3047795 -0.3036777 -0.3026935 -0.3023914 -0.2998517 -0.3009444 -0.3028846 -0.3039570 -0.3055630 -0.3082109 -0.3077717 -0.3063617 -0.3076711 -0.3075043 -0.3066419 -0.3110602 -0.3064365
0.1988395 0.9003454 0.1716578 0.1950821 0.1755651 0.1742508 0.1761435 0.1793054 0.1743458 0.1716750 0.1751752 0.1786284 0.1738950 0.1691938 0.1588848 0.1650111 0.0379734 0.0679380 0.0734566 0.0630585 0.0527001 0.0836414 0.0631454 0.0598510 0.0814283 0.0747406 0.0821746 0.0652432 0.0692502 0.0653003 0.0775618 0.0666418 0.0747725 0.0611192 0.0613334 0.0808875 0.0693524 0.0711921 0.0810475 0.0758031 0.0674156 0.0571176 0.0558748 0.0598339 0.0737917 0.0718461 0.0545847 0.0324171 -0.0209698 0.0413479 0.0210037 0.0114309 0.0183974 0.0369691 0.0217369 0.0082348 -0.0061213 0.0100675 0.0442068 0.0248848 0.0456416 0.0301346 0.0302217 0.0409612 0.0194467 0.0415505 0.0108523 0.0345733 0.0025247 0.0602939 0.0114150 -0.0084285 -0.0027427 0.0369537 0.0189793 0.0280175 0.0123111 -0.0163549 0.0148960 -0.0863438 -0.0948684 0.0026815 0.0052272 0.0182495 -0.0429273 -0.0070377 -0.1393825 -0.0008867 -0.0452895 -0.0437261 -0.0455174 0.0126103 -0.0797753 -0.0003564 -0.1188502 -0.3103690 -0.3146933 -0.3116807 -0.3096158 -0.3106132 -0.3091848 -0.3100091 -0.3135788 -0.3133540 -0.3138316 -0.3142990 -0.3169898 -0.3145743 -0.3159706 -0.3151046 -0.3158681 -0.3194754 -0.3153766
0.1673772 0.1716578 0.9045480 0.1657658 0.2133374 0.2071868 0.2246135 0.2159059 0.1788377 0.1786670 0.1793995 0.1828662 0.1784532 0.1754313 0.1646636 0.1684604 0.0465201 0.0678939 0.0789718 0.0631621 0.0602276 0.0877585 0.0660833 0.0649897 0.0798658 0.0738503 0.0838217 0.0683639 0.0687372 0.0668121 0.0801114 0.0639382 0.0774148 0.0612984 0.0619923 0.0843381 0.0740617 0.0671383 0.0797375 0.0769988 0.0722405 0.0593510 0.0533917 0.0571103 0.0777990 0.0753860 0.0561109 0.0313795 -0.0249869 0.0355385 0.0225876 0.0100190 0.0183243 0.0370026 0.0199240 0.0081682 -0.0043143 0.0070056 0.0392543 0.0232849 0.0444202 0.0258845 0.0274546 0.0349094 0.0131222 0.0345725 0.0062637 0.0328368 -0.0005584 0.0565477 0.0091318 -0.0072041 -0.0048929 0.0376550 0.0205264 0.0241908 0.0110357 -0.0191640 0.0127598 -0.0902590 -0.1036029 0.0000921 0.0061861 0.0170916 -0.0454698 -0.0076500 -0.1391527 -0.0094501 -0.0483860 -0.0452378 -0.0468082 0.0084640 -0.0821337 -0.0050807 -0.1235457 -0.3134915 -0.3170779 -0.3162875 -0.3124580 -0.3124823 -0.3104514 -0.3137348 -0.3142898 -0.3152986 -0.3175179 -0.3177900 -0.3207514 -0.3180695 -0.3180477 -0.3187671 -0.3173248 -0.3233424 -0.3192734
0.1850757 0.1950821 0.1657658 0.9037436 0.1671270 0.1666225 0.1662187 0.1731688 0.1679073 0.1626560 0.1666858 0.1702738 0.1626559 0.1623958 0.1530831 0.1577716 0.0390517 0.0630277 0.0692904 0.0567730 0.0508746 0.0793210 0.0589314 0.0599279 0.0805672 0.0725670 0.0811424 0.0682247 0.0688348 0.0649854 0.0771334 0.0642184 0.0767791 0.0601459 0.0620030 0.0796696 0.0695652 0.0718513 0.0792383 0.0744097 0.0670567 0.0586802 0.0598125 0.0595555 0.0758052 0.0723586 0.0558878 0.0362301 -0.0189153 0.0400698 0.0247175 0.0108373 0.0191474 0.0376653 0.0251015 0.0071333 -0.0023132 0.0122742 0.0447436 0.0275907 0.0450898 0.0287099 0.0304220 0.0425200 0.0211929 0.0390649 0.0079621 0.0377877 0.0045157 0.0621353 0.0136113 -0.0041438 -0.0028458 0.0387636 0.0218030 0.0257784 0.0143732 -0.0132458 0.0153023 -0.0836155 -0.0924424 0.0040009 0.0108799 0.0223049 -0.0404263 -0.0076313 -0.1368837 -0.0019282 -0.0445347 -0.0387699 -0.0396265 0.0141577 -0.0776383 -0.0004839 -0.1159577 -0.3056987 -0.3087554 -0.3057958 -0.3034311 -0.3045369 -0.3026480 -0.3046541 -0.3068195 -0.3069137 -0.3092855 -0.3094436 -0.3110582 -0.3094506 -0.3093889 -0.3092771 -0.3083530 -0.3144533 -0.3085049
0.1719484 0.1755651 0.2133374 0.1671270 0.9193666 0.2230884 0.2269220 0.2249707 0.1829211 0.1802427 0.1824667 0.1870207 0.1810850 0.1783478 0.1655499 0.1706555 0.0463987 0.0753399 0.0812440 0.0705589 0.0643285 0.0947777 0.0719516 0.0699576 0.0817678 0.0725914 0.0822705 0.0638699 0.0662495 0.0623295 0.0768412 0.0622553 0.0744089 0.0603756 0.0574707 0.0819164 0.0683393 0.0664268 0.0801007 0.0731376 0.0727089 0.0569586 0.0508811 0.0578177 0.0764402 0.0712455 0.0549212 0.0261729 -0.0231833 0.0361594 0.0185187 0.0122749 0.0140971 0.0367584 0.0166967 0.0053916 -0.0070413 0.0064610 0.0377316 0.0172763 0.0415770 0.0250628 0.0245852 0.0352353 0.0160452 0.0365653 0.0039212 0.0266475 -0.0028570 0.0598105 0.0067052 -0.0111901 -0.0081768 0.0371003 0.0181143 0.0231930 0.0088383 -0.0209284 0.0119827 -0.0928832 -0.1059558 -0.0024942 0.0012510 0.0149741 -0.0459216 -0.0086893 -0.1383633 -0.0095483 -0.0487422 -0.0488278 -0.0504748 0.0082784 -0.0823167 -0.0100819 -0.1207700 -0.3111242 -0.3129207 -0.3118593 -0.3084397 -0.3096973 -0.3085167 -0.3101215 -0.3105438 -0.3108865 -0.3129483 -0.3153182 -0.3160148 -0.3148533 -0.3159168 -0.3148263 -0.3144643 -0.3200644 -0.3147649
0.1670888 0.1742508 0.2071868 0.1666225 0.2230884 0.9094975 0.2193797 0.2187450 0.1800518 0.1782973 0.1807515 0.1859431 0.1773803 0.1761722 0.1634633 0.1703980 0.0466108 0.0697260 0.0788112 0.0671179 0.0612686 0.0897496 0.0681814 0.0677990 0.0819613 0.0742878 0.0825189 0.0658989 0.0694173 0.0648581 0.0742986 0.0624404 0.0766880 0.0599073 0.0565005 0.0784491 0.0654814 0.0643897 0.0754581 0.0735384 0.0714792 0.0558435 0.0539028 0.0555970 0.0766614 0.0714671 0.0549133 0.0259529 -0.0234721 0.0335271 0.0163890 0.0116866 0.0148090 0.0369575 0.0162903 0.0072297 -0.0106954 0.0060628 0.0369931 0.0190726 0.0422996 0.0234134 0.0234362 0.0374639 0.0140256 0.0374543 0.0033516 0.0267243 0.0004129 0.0594040 0.0053573 -0.0110738 -0.0076406 0.0369112 0.0177802 0.0228389 0.0108326 -0.0225232 0.0128870 -0.0906428 -0.1047855 -0.0011952 0.0047361 0.0158401 -0.0458183 -0.0061900 -0.1379425 -0.0096491 -0.0475642 -0.0499843 -0.0518105 0.0086313 -0.0795733 -0.0097995 -0.1198715 -0.3091942 -0.3108936 -0.3115432 -0.3081110 -0.3080011 -0.3064674 -0.3088090 -0.3104190 -0.3095358 -0.3132116 -0.3128288 -0.3140407 -0.3136561 -0.3147653 -0.3120935 -0.3122540 -0.3167829 -0.3145542
0.1697269 0.1761435 0.2246135 0.1662187 0.2269220 0.2193797 0.9030076 0.2311791 0.1824903 0.1813848 0.1832013 0.1885443 0.1800813 0.1798988 0.1635561 0.1725368 0.0423292 0.0707475 0.0793707 0.0692578 0.0598170 0.0886919 0.0687377 0.0625142 0.0822020 0.0756730 0.0836015 0.0678974 0.0696837 0.0669084 0.0790328 0.0657451 0.0788816 0.0624142 0.0625010 0.0835384 0.0681544 0.0694675 0.0820729 0.0794960 0.0737457 0.0579440 0.0546696 0.0587540 0.0766257 0.0724688 0.0565106 0.0293469 -0.0227077 0.0368236 0.0202312 0.0110664 0.0162697 0.0375124 0.0170207 0.0075845 -0.0035492 0.0073013 0.0391016 0.0169011 0.0432285 0.0268797 0.0270320 0.0392804 0.0186349 0.0403349 0.0077494 0.0304271 -0.0004445 0.0630024 0.0080743 -0.0089787 -0.0068051 0.0389498 0.0206683 0.0262088 0.0105276 -0.0189286 0.0129232 -0.0916034 -0.1045347 0.0002349 0.0058053 0.0165563 -0.0442494 -0.0068634 -0.1438155 -0.0095996 -0.0483048 -0.0454466 -0.0476673 0.0082752 -0.0840483 -0.0093386 -0.1260015 -0.3197767 -0.3228602 -0.3208849 -0.3196689 -0.3193763 -0.3167538 -0.3208978 -0.3212681 -0.3219733 -0.3232582 -0.3240221 -0.3264387 -0.3232625 -0.3255918 -0.3240537 -0.3246954 -0.3268968 -0.3249213
0.1755125 0.1793054 0.2159059 0.1731688 0.2249707 0.2187450 0.2311791 0.9197410 0.1875817 0.1833863 0.1867169 0.1945213 0.1826736 0.1841269 0.1693626 0.1735190 0.0482569 0.0725588 0.0843732 0.0707414 0.0638818 0.0950054 0.0721706 0.0663682 0.0814104 0.0767251 0.0824640 0.0678588 0.0688031 0.0633531 0.0784052 0.0645385 0.0781724 0.0618826 0.0603183 0.0832059 0.0694840 0.0698351 0.0811618 0.0769628 0.0729819 0.0576501 0.0540418 0.0592489 0.0761705 0.0745736 0.0551736 0.0285337 -0.0249708 0.0363102 0.0175975 0.0137480 0.0146647 0.0385709 0.0189779 0.0057063 -0.0074932 0.0040833 0.0354275 0.0194915 0.0425042 0.0238048 0.0239325 0.0342904 0.0139715 0.0385516 0.0033722 0.0282572 -0.0004918 0.0602933 0.0074911 -0.0091299 -0.0080111 0.0400536 0.0181151 0.0252143 0.0099600 -0.0209368 0.0125909 -0.0923287 -0.1051519 -0.0025554 0.0050749 0.0162724 -0.0433813 -0.0094722 -0.1416743 -0.0071141 -0.0497025 -0.0490710 -0.0511937 0.0078100 -0.0829251 -0.0076235 -0.1220338 -0.3178679 -0.3207382 -0.3190406 -0.3159516 -0.3180822 -0.3152490 -0.3176646 -0.3191239 -0.3196768 -0.3209141 -0.3228700 -0.3225787 -0.3229737 -0.3232319 -0.3225427 -0.3217503 -0.3270213 -0.3230995
0.1707991 0.1743458 0.1788377 0.1679073 0.1829211 0.1800518 0.1824903 0.1875817 0.9229254 0.2140134 0.2225253 0.2211181 0.2162904 0.2105372 0.1716262 0.1772629 0.0474078 0.0745843 0.0824085 0.0745246 0.0639187 0.0931845 0.0743045 0.0702744 0.0814308 0.0707767 0.0810407 0.0669040 0.0676157 0.0632702 0.0761269 0.0642064 0.0751446 0.0602238 0.0567296 0.0800014 0.0676553 0.0667793 0.0763492 0.0725042 0.0699151 0.0510431 0.0501678 0.0616887 0.0791302 0.0724535 0.0578493 0.0273640 -0.0236785 0.0350852 0.0207151 0.0075784 0.0135573 0.0358801 0.0215057 0.0067217 -0.0089707 0.0089658 0.0340471 0.0199336 0.0390343 0.0227141 0.0240713 0.0341832 0.0132804 0.0388834 0.0040925 0.0288756 -0.0016500 0.0609547 0.0069580 -0.0107739 -0.0029998 0.0352556 0.0154191 0.0219209 0.0043691 -0.0209960 0.0123777 -0.0922156 -0.1004410 -0.0018075 -0.0014123 0.0171580 -0.0493183 -0.0113781 -0.1367149 -0.0073588 -0.0498909 -0.0549455 -0.0562023 0.0084143 -0.0834468 -0.0087495 -0.1227518 -0.3127764 -0.3147632 -0.3128369 -0.3096426 -0.3105347 -0.3099242 -0.3112102 -0.3129837 -0.3137382 -0.3138740 -0.3167974 -0.3161519 -0.3159301 -0.3168920 -0.3148994 -0.3167548 -0.3223425 -0.3160723
0.1666321 0.1716750 0.1786670 0.1626560 0.1802427 0.1782973 0.1813848 0.1833863 0.2140134 0.9157323 0.2105087 0.2165908 0.2246475 0.2092485 0.1642901 0.1726808 0.0453918 0.0726666 0.0792089 0.0735049 0.0639026 0.0914636 0.0716467 0.0704322 0.0784499 0.0702866 0.0779803 0.0654460 0.0656582 0.0605919 0.0724092 0.0611443 0.0732668 0.0586018 0.0563255 0.0788276 0.0642695 0.0642587 0.0774490 0.0732968 0.0667546 0.0522383 0.0499583 0.0598536 0.0758086 0.0680901 0.0536535 0.0269750 -0.0261674 0.0351071 0.0177458 0.0116114 0.0138179 0.0379990 0.0160885 0.0067958 -0.0084401 0.0052136 0.0342073 0.0190365 0.0387565 0.0216251 0.0210641 0.0317447 0.0136403 0.0365682 0.0023053 0.0285433 -0.0032542 0.0552582 0.0034156 -0.0096104 -0.0046157 0.0339317 0.0136166 0.0216723 0.0065046 -0.0210461 0.0125630 -0.0889316 -0.1020000 -0.0026518 0.0010646 0.0168140 -0.0495552 -0.0095302 -0.1355634 -0.0108406 -0.0502593 -0.0538108 -0.0541456 0.0067762 -0.0808755 -0.0116693 -0.1192906 -0.3059427 -0.3079698 -0.3076513 -0.3029311 -0.3038025 -0.3017841 -0.3054996 -0.3053817 -0.3066181 -0.3072604 -0.3096785 -0.3107980 -0.3084609 -0.3099684 -0.3096143 -0.3093280 -0.3140803 -0.3103117
0.1678688 0.1751752 0.1793995 0.1666858 0.1824667 0.1807515 0.1832013 0.1867169 0.2225253 0.2105087 0.9392608 0.2284422 0.2151900 0.2110180 0.1708228 0.1749253 0.0526354 0.0781320 0.0895350 0.0769122 0.0705360 0.0983884 0.0779489 0.0732217 0.0755984 0.0669276 0.0758115 0.0632431 0.0648948 0.0574634 0.0714454 0.0569325 0.0691778 0.0568362 0.0531650 0.0772658 0.0635220 0.0614089 0.0737485 0.0685623 0.0683408 0.0512635 0.0480175 0.0571845 0.0743614 0.0684766 0.0510426 0.0222658 -0.0255509 0.0305976 0.0193458 0.0073618 0.0114404 0.0338521 0.0160509 0.0035329 -0.0119031 0.0069447 0.0329021 0.0197903 0.0340972 0.0162455 0.0172091 0.0310950 0.0086748 0.0330157 -0.0002125 0.0234420 -0.0086335 0.0514678 0.0008872 -0.0140436 -0.0076298 0.0325109 0.0143110 0.0189003 0.0038598 -0.0221098 0.0077673 -0.0906932 -0.1022188 -0.0072713 0.0009190 0.0127409 -0.0523973 -0.0150942 -0.1313558 -0.0113013 -0.0532587 -0.0554572 -0.0571457 0.0066780 -0.0814484 -0.0100683 -0.1199643 -0.2981690 -0.3013347 -0.3008921 -0.2969356 -0.2975863 -0.2966433 -0.2985028 -0.2992750 -0.2998690 -0.2995276 -0.3022842 -0.3035560 -0.3019459 -0.3035274 -0.3018317 -0.3042353 -0.3097113 -0.3026170
0.1761576 0.1786284 0.1828662 0.1702738 0.1870207 0.1859431 0.1885443 0.1945213 0.2211181 0.2165908 0.2284422 0.9327844 0.2216359 0.2158863 0.1693835 0.1805599 0.0499763 0.0795255 0.0867135 0.0759817 0.0668438 0.0994886 0.0786664 0.0737693 0.0768025 0.0677079 0.0783087 0.0641455 0.0643197 0.0583414 0.0720017 0.0589445 0.0716924 0.0583170 0.0580579 0.0802576 0.0658544 0.0624745 0.0754633 0.0691355 0.0696214 0.0518693 0.0515363 0.0577843 0.0772967 0.0677837 0.0547660 0.0230539 -0.0290136 0.0306957 0.0168495 0.0080686 0.0133223 0.0374720 0.0154278 0.0024526 -0.0104675 0.0099067 0.0320999 0.0164114 0.0340216 0.0175592 0.0180036 0.0304519 0.0111647 0.0342333 0.0021852 0.0237334 -0.0060586 0.0559919 0.0043174 -0.0140642 -0.0076438 0.0304105 0.0114620 0.0213890 0.0040530 -0.0245488 0.0117350 -0.0911311 -0.1035849 -0.0063325 -0.0010972 0.0106538 -0.0547950 -0.0143886 -0.1339377 -0.0112488 -0.0530337 -0.0571641 -0.0588780 0.0025285 -0.0796151 -0.0140802 -0.1231462 -0.3065272 -0.3089711 -0.3076711 -0.3042642 -0.3054895 -0.3043263 -0.3060885 -0.3063085 -0.3087317 -0.3073391 -0.3093231 -0.3104273 -0.3098519 -0.3095969 -0.3090894 -0.3104885 -0.3155832 -0.3103554
0.1650805 0.1738950 0.1784532 0.1626559 0.1810850 0.1773803 0.1800813 0.1826736 0.2162904 0.2246475 0.2151900 0.2216359 0.9170109 0.2162867 0.1677235 0.1730569 0.0429863 0.0735391 0.0799996 0.0719135 0.0626399 0.0925533 0.0718009 0.0684782 0.0788412 0.0703941 0.0823312 0.0658070 0.0678240 0.0619189 0.0748851 0.0625133 0.0761965 0.0600174 0.0553943 0.0809812 0.0684420 0.0684181 0.0802743 0.0724394 0.0682784 0.0530670 0.0527018 0.0629136 0.0764257 0.0707125 0.0578503 0.0263585 -0.0251854 0.0362451 0.0167629 0.0130756 0.0166346 0.0337318 0.0197900 0.0053303 -0.0096208 0.0080909 0.0377296 0.0184784 0.0419651 0.0223905 0.0232477 0.0322122 0.0157055 0.0389935 0.0031686 0.0272624 -0.0015003 0.0586953 0.0051298 -0.0099560 -0.0075538 0.0366483 0.0161539 0.0243010 0.0066518 -0.0196607 0.0132272 -0.0932283 -0.1023749 -0.0039878 -0.0005264 0.0175390 -0.0500820 -0.0114632 -0.1374695 -0.0091528 -0.0497560 -0.0528536 -0.0542921 0.0077819 -0.0846079 -0.0089156 -0.1226380 -0.3114456 -0.3137774 -0.3121108 -0.3078899 -0.3089587 -0.3077464 -0.3098651 -0.3111566 -0.3121856 -0.3133582 -0.3155164 -0.3148028 -0.3157629 -0.3168266 -0.3147142 -0.3149152 -0.3208368 -0.3158134
0.1637762 0.1691938 0.1754313 0.1623958 0.1783478 0.1761722 0.1798988 0.1841269 0.2105372 0.2092485 0.2110180 0.2158863 0.2162867 0.9206329 0.1673794 0.1675167 0.0495353 0.0741809 0.0833625 0.0692315 0.0632161 0.0939882 0.0719516 0.0700482 0.0801521 0.0660472 0.0769867 0.0651525 0.0673737 0.0593039 0.0708217 0.0601353 0.0704418 0.0585134 0.0564877 0.0791672 0.0679611 0.0640613 0.0761422 0.0743049 0.0677001 0.0527557 0.0530125 0.0592254 0.0739897 0.0699307 0.0551963 0.0284922 -0.0250956 0.0334296 0.0179441 0.0104451 0.0135711 0.0338309 0.0188604 0.0069523 -0.0107317 0.0077504 0.0355779 0.0188542 0.0388424 0.0206913 0.0214002 0.0338974 0.0131477 0.0354596 0.0018373 0.0297721 -0.0024377 0.0548452 0.0044076 -0.0117970 -0.0059010 0.0359534 0.0158282 0.0236777 0.0085432 -0.0195048 0.0112402 -0.0910714 -0.1012716 -0.0055069 0.0002940 0.0143027 -0.0510804 -0.0123575 -0.1350949 -0.0106121 -0.0512742 -0.0520429 -0.0530934 0.0078734 -0.0825827 -0.0045405 -0.1207284 -0.3048105 -0.3070818 -0.3055909 -0.3035358 -0.3046696 -0.3020851 -0.3042993 -0.3054234 -0.3067498 -0.3059465 -0.3088822 -0.3102113 -0.3079453 -0.3101743 -0.3085211 -0.3090686 -0.3130893 -0.3091584
0.1557578 0.1588848 0.1646636 0.1530831 0.1655499 0.1634633 0.1635561 0.1693626 0.1716262 0.1642901 0.1708228 0.1693835 0.1677235 0.1673794 0.8969216 0.1597935 0.0373673 0.0600876 0.0663629 0.0523048 0.0485100 0.0802570 0.0555666 0.0557152 0.0809335 0.0752273 0.0848033 0.0690680 0.0713530 0.0689798 0.0815427 0.0656680 0.0793142 0.0618971 0.0658873 0.0814515 0.0701807 0.0739657 0.0800413 0.0782389 0.0683648 0.0587634 0.0599531 0.0617728 0.0755169 0.0760090 0.0558327 0.0393185 -0.0186890 0.0397124 0.0258921 0.0125615 0.0215024 0.0409016 0.0291037 0.0084666 0.0016799 0.0171349 0.0475252 0.0269983 0.0488465 0.0332400 0.0319803 0.0395097 0.0233008 0.0407515 0.0134987 0.0402060 0.0076724 0.0618280 0.0159143 -0.0018247 0.0015491 0.0375161 0.0234015 0.0258774 0.0119468 -0.0138785 0.0169647 -0.0796499 -0.0915532 0.0092350 0.0145124 0.0237047 -0.0361260 -0.0022217 -0.1361756 0.0006823 -0.0414063 -0.0367644 -0.0371641 0.0140253 -0.0768920 -0.0005974 -0.1137507 -0.3078516 -0.3121690 -0.3118536 -0.3083187 -0.3077094 -0.3052090 -0.3105400 -0.3100257 -0.3105715 -0.3128234 -0.3140692 -0.3143671 -0.3140858 -0.3137452 -0.3143292 -0.3142232 -0.3181535 -0.3150789
0.1587269 0.1650111 0.1684604 0.1577716 0.1706555 0.1703980 0.1725368 0.1735190 0.1772629 0.1726808 0.1749253 0.1805599 0.1730569 0.1675167 0.1597935 0.9040862 0.0346018 0.0623780 0.0684672 0.0603537 0.0517071 0.0802735 0.0586937 0.0597044 0.0836315 0.0794475 0.0854895 0.0689175 0.0728236 0.0692806 0.0809181 0.0707843 0.0856028 0.0617975 0.0656241 0.0851533 0.0710778 0.0736440 0.0816759 0.0760712 0.0719236 0.0602154 0.0622595 0.0594266 0.0757245 0.0768132 0.0594253 0.0358651 -0.0182055 0.0395802 0.0255223 0.0120096 0.0207766 0.0410754 0.0244431 0.0074249 -0.0020548 0.0156073 0.0438937 0.0265544 0.0496815 0.0317564 0.0321858 0.0398853 0.0234570 0.0432971 0.0129640 0.0359123 0.0042205 0.0619037 0.0169298 -0.0048455 0.0009340 0.0408696 0.0213964 0.0313068 0.0128848 -0.0163728 0.0169689 -0.0812197 -0.0932375 0.0068716 0.0082347 0.0208564 -0.0374715 -0.0037647 -0.1370426 -0.0008296 -0.0415091 -0.0410427 -0.0420856 0.0147428 -0.0620357 -0.0051248 -0.1175196 -0.3122633 -0.3142144 -0.3140422 -0.3090111 -0.3107958 -0.3079714 -0.3115526 -0.3123753 -0.3141567 -0.3148613 -0.3162794 -0.3172528 -0.3167280 -0.3178232 -0.3173404 -0.3171813 -0.3204638 -0.3170713
0.0405255 0.0379734 0.0465201 0.0390517 0.0463987 0.0466108 0.0423292 0.0482569 0.0474078 0.0453918 0.0526354 0.0499763 0.0429863 0.0495353 0.0373673 0.0346018 1.0019397 0.0504159 0.0596960 0.0739847 0.0714502 0.0578783 0.0621301 0.0712567 -0.0172568 -0.0209531 -0.0179264 -0.0153950 -0.0242932 -0.0274704 -0.0281208 -0.0320718 -0.0298900 -0.0102948 -0.0183711 -0.0217632 -0.0176891 -0.0206620 -0.0198137 -0.0206679 -0.0014147 -0.0146181 -0.0330461 -0.0155459 -0.0101776 -0.0123563 -0.0141412 -0.0443435 -0.0140535 -0.0271182 -0.0204804 -0.0099449 -0.0351590 -0.0116368 -0.0213123 -0.0221270 -0.0243906 -0.0259518 -0.0416583 -0.0230647 -0.0361137 -0.0469323 -0.0461113 -0.0302431 -0.0368276 -0.0281642 -0.0420299 -0.0440901 -0.0435414 -0.0251833 -0.0368935 -0.0237924 -0.0211990 -0.0176478 -0.0285876 -0.0263152 -0.0221085 -0.0300779 -0.0176676 -0.0238432 -0.0274760 -0.0344117 -0.0215113 -0.0282117 -0.0305221 -0.0324279 -0.0020158 -0.0284910 -0.0235485 -0.0639805 -0.0641476 -0.0419748 -0.0085889 -0.0268033 -0.0154917 0.0168517 0.0179542 0.0171621 0.0190156 0.0178152 0.0167707 0.0176730 0.0200257 0.0178874 0.0206979 0.0189649 0.0175858 0.0189630 0.0185851 0.0192980 0.0198638 0.0124588 0.0177061
0.0632917 0.0679380 0.0678939 0.0630277 0.0753399 0.0697260 0.0707475 0.0725588 0.0745843 0.0726666 0.0781320 0.0795255 0.0735391 0.0741809 0.0600876 0.0623780 0.0504159 0.9697943 0.0755296 0.0722690 0.0660249 0.0719859 0.0690893 0.0643787 0.0031856 -0.0070433 0.0003567 -0.0045572 -0.0023116 -0.0122922 -0.0070256 -0.0124163 -0.0075178 0.0033009 -0.0108415 -0.0050123 -0.0028822 -0.0071775 -0.0018182 -0.0062755 0.0088998 -0.0109989 -0.0114748 0.0000826 0.0087552 -0.0018655 -0.0056528 -0.0297929 -0.0237569 -0.0167348 -0.0117518 -0.0188354 -0.0235819 -0.0020318 -0.0271299 -0.0188652 -0.0250440 -0.0157609 -0.0246298 -0.0157784 -0.0233936 -0.0346427 -0.0342675 -0.0180284 -0.0272257 -0.0184000 -0.0326122 -0.0294812 -0.0400870 -0.0093767 -0.0294686 -0.0192074 -0.0207988 -0.0075743 -0.0186051 -0.0049385 -0.0186580 -0.0205395 -0.0091179 -0.0379280 -0.0438687 -0.0259556 -0.0172482 -0.0192462 -0.0311405 -0.0193284 -0.0270670 -0.0279232 -0.0310322 -0.0547711 -0.0552151 -0.0233916 -0.0177555 -0.0321530 -0.0299027 -0.0470853 -0.0482353 -0.0485860 -0.0444504 -0.0459483 -0.0455104 -0.0480679 -0.0472475 -0.0456288 -0.0444698 -0.0486848 -0.0496151 -0.0492049 -0.0489109 -0.0466092 -0.0477413 -0.0535524 -0.0469287
0.0675987 0.0734566 0.0789718 0.0692904 0.0812440 0.0788112 0.0793707 0.0843732 0.0824085 0.0792089 0.0895350 0.0867135 0.0799996 0.0833625 0.0663629 0.0684672 0.0596960 0.0755296 0.9848651 0.0786493 0.0820514 0.0832144 0.0748652 0.0730906 0.0002869 -0.0042472 0.0036141 -0.0062119 -0.0073251 -0.0159971 -0.0082585 -0.0153285 -0.0112728 0.0017150 -0.0160088 -0.0009671 -0.0081542 -0.0102885 -0.0050246 -0.0022394 0.0065280 -0.0107580 -0.0178616 -0.0044329 0.0152767 -0.0008517 -0.0093273 -0.0327335 -0.0207367 -0.0149318 -0.0140701 -0.0184694 -0.0211801 -0.0043286 -0.0244471 -0.0130630 -0.0331047 -0.0226826 -0.0304222 -0.0150709 -0.0290839 -0.0380899 -0.0365152 -0.0167572 -0.0334462 -0.0219832 -0.0358004 -0.0315830 -0.0482851 -0.0114258 -0.0392888 -0.0315169 -0.0271685 -0.0087847 -0.0244106 -0.0139990 -0.0191357 -0.0301796 -0.0175860 -0.0387326 -0.0411480 -0.0373783 -0.0181012 -0.0294618 -0.0407299 -0.0274784 -0.0288844 -0.0318562 -0.0463530 -0.0618654 -0.0637475 -0.0288026 -0.0208261 -0.0324814 -0.0410236 -0.0434760 -0.0438775 -0.0445361 -0.0411919 -0.0412860 -0.0421351 -0.0430195 -0.0423936 -0.0439027 -0.0386833 -0.0439084 -0.0459612 -0.0431893 -0.0428353 -0.0439276 -0.0434447 -0.0465878 -0.0453779
0.0584087 0.0630585 0.0631621 0.0567730 0.0705589 0.0671179 0.0692578 0.0707414 0.0745246 0.0735049 0.0769122 0.0759817 0.0719135 0.0692315 0.0523048 0.0603537 0.0739847 0.0722690 0.0786493 1.0131940 0.0749707 0.0890364 0.0927513 0.0721008 -0.0103851 -0.0152736 -0.0111509 -0.0152244 -0.0191826 -0.0273735 -0.0243907 -0.0253015 -0.0228570 -0.0063069 -0.0216574 -0.0145100 -0.0113950 -0.0203920 -0.0140223 -0.0186956 -0.0062109 -0.0207212 -0.0333272 -0.0127179 0.0002556 -0.0160084 -0.0218988 -0.0387726 -0.0220451 -0.0211805 -0.0162890 -0.0110605 -0.0206532 -0.0122027 -0.0328293 -0.0312459 -0.0349342 -0.0220003 -0.0382211 -0.0193121 -0.0379247 -0.0487072 -0.0480427 -0.0341248 -0.0373928 -0.0314178 -0.0413787 -0.0391465 -0.0555888 -0.0180406 -0.0414253 -0.0338554 -0.0295198 -0.0055213 -0.0255365 -0.0253152 -0.0277152 -0.0342938 -0.0239051 -0.0370939 -0.0532398 -0.0428306 -0.0413543 -0.0275905 -0.0485954 -0.0335154 -0.0089851 -0.0293818 -0.0300818 -0.0607589 -0.0627401 -0.0341165 -0.0080404 -0.0517057 -0.0262140 -0.0098815 -0.0105503 -0.0090173 -0.0064798 -0.0058950 -0.0094952 -0.0108319 -0.0047694 -0.0056141 -0.0047005 -0.0061169 -0.0080414 -0.0054137 -0.0067127 -0.0046387 -0.0071076 -0.0111880 -0.0092262
0.0557018 0.0527001 0.0602276 0.0508746 0.0643285 0.0612686 0.0598170 0.0638818 0.0639187 0.0639026 0.0705360 0.0668438 0.0626399 0.0632161 0.0485100 0.0517071 0.0714502 0.0660249 0.0820514 0.0749707 1.0277905 0.0834129 0.0793733 0.0779271 -0.0186892 -0.0207897 -0.0118642 -0.0228415 -0.0257296 -0.0367087 -0.0250544 -0.0339005 -0.0333255 -0.0116741 -0.0300484 -0.0237149 -0.0296193 -0.0243468 -0.0221540 -0.0220129 -0.0030866 -0.0237602 -0.0370637 -0.0189241 -0.0067433 -0.0173532 -0.0220173 -0.0548678 -0.0199738 -0.0250148 -0.0272360 -0.0096428 -0.0291736 -0.0217825 -0.0417980 -0.0275653 -0.0372815 -0.0351809 -0.0491707 -0.0288819 -0.0467309 -0.0503320 -0.0502545 -0.0316872 -0.0452219 -0.0370076 -0.0469416 -0.0554643 -0.0558168 -0.0250732 -0.0417398 -0.0294820 -0.0303259 -0.0194537 -0.0314896 -0.0348299 -0.0276279 -0.0243894 -0.0287771 -0.0338942 -0.0383357 -0.0452968 -0.0349430 -0.0300839 -0.0443486 -0.0413880 0.0031088 -0.0345877 -0.0278306 -0.0688856 -0.0708290 -0.0341375 -0.0041941 -0.0321421 -0.0229017 0.0161564 0.0188576 0.0188625 0.0199056 0.0194211 0.0166466 0.0164035 0.0204517 0.0188349 0.0219275 0.0179572 0.0172430 0.0199442 0.0179147 0.0208004 0.0187659 0.0127312 0.0188889
0.0840536 0.0836414 0.0877585 0.0793210 0.0947777 0.0897496 0.0886919 0.0950054 0.0931845 0.0914636 0.0983884 0.0994886 0.0925533 0.0939882 0.0802570 0.0802735 0.0578783 0.0719859 0.0832144 0.0890364 0.0834129 0.9968722 0.0879584 0.0844697 -0.0006180 -0.0008446 0.0043371 0.0005695 -0.0074573 -0.0164095 -0.0083023 -0.0131923 -0.0091436 0.0036953 -0.0098623 -0.0015054 -0.0054056 -0.0047939 -0.0055450 -0.0021881 0.0066759 -0.0123512 -0.0185237 -0.0012529 0.0119507 -0.0034121 -0.0106630 -0.0335113 -0.0225782 -0.0186021 -0.0105061 -0.0088005 -0.0125024 -0.0072932 -0.0292758 -0.0218075 -0.0357441 -0.0175259 -0.0247749 -0.0125349 -0.0326556 -0.0372027 -0.0365124 -0.0229592 -0.0394975 -0.0242641 -0.0404609 -0.0325856 -0.0477383 -0.0086524 -0.0414274 -0.0291407 -0.0273102 -0.0055514 -0.0231868 -0.0155007 -0.0190902 -0.0208094 -0.0040621 -0.0454830 -0.0582486 -0.0400409 -0.0323759 -0.0192996 -0.0488308 -0.0281934 -0.0306651 -0.0315204 -0.0405789 -0.0615010 -0.0626268 -0.0289953 -0.0205168 -0.0383455 -0.0426106 -0.0583246 -0.0579395 -0.0596002 -0.0547510 -0.0557260 -0.0575534 -0.0556165 -0.0558501 -0.0569238 -0.0536410 -0.0555634 -0.0559042 -0.0537968 -0.0567691 -0.0525990 -0.0588389 -0.0612932 -0.0573497
0.0587819 0.0631454 0.0660833 0.0589314 0.0719516 0.0681814 0.0687377 0.0721706 0.0743045 0.0716467 0.0779489 0.0786664 0.0718009 0.0719516 0.0555666 0.0586937 0.0621301 0.0690893 0.0748652 0.0927513 0.0793733 0.0879584 1.0068947 0.0759883 -0.0117411 -0.0205132 -0.0140585 -0.0198258 -0.0212528 -0.0280869 -0.0197995 -0.0266277 -0.0237832 -0.0076608 -0.0234324 -0.0197698 -0.0215111 -0.0215371 -0.0197985 -0.0180084 -0.0000185 -0.0194736 -0.0311140 -0.0121316 -0.0046369 -0.0125070 -0.0212689 -0.0452998 -0.0270772 -0.0234579 -0.0174226 -0.0120462 -0.0292141 -0.0150164 -0.0366206 -0.0241463 -0.0413044 -0.0195697 -0.0373644 -0.0216774 -0.0433817 -0.0482389 -0.0471014 -0.0366894 -0.0441641 -0.0288102 -0.0476784 -0.0456964 -0.0537273 -0.0216838 -0.0475446 -0.0313239 -0.0349782 -0.0109111 -0.0328322 -0.0289144 -0.0258176 -0.0336891 -0.0200279 -0.0334178 -0.0475578 -0.0411188 -0.0342362 -0.0242049 -0.0416852 -0.0334389 -0.0134055 -0.0263667 -0.0293175 -0.0690118 -0.0701158 -0.0383517 -0.0113143 -0.0417790 -0.0231158 -0.0013645 0.0003889 -0.0020976 0.0036737 -0.0003999 0.0009625 0.0010878 0.0023429 0.0012438 0.0042315 -0.0002508 0.0000074 0.0031134 0.0012365 0.0025230 -0.0008286 -0.0033876 0.0029302
0.0637959 0.0598510 0.0649897 0.0599279 0.0699576 0.0677990 0.0625142 0.0663682 0.0702744 0.0704322 0.0732217 0.0737693 0.0684782 0.0700482 0.0557152 0.0597044 0.0712567 0.0643787 0.0730906 0.0721008 0.0779271 0.0844697 0.0759883 0.9895701 -0.0018342 -0.0021163 -0.0051064 -0.0046902 -0.0104762 -0.0181293 -0.0127313 -0.0128727 -0.0154180 -0.0004245 -0.0179591 -0.0060936 -0.0084278 -0.0075428 -0.0052463 -0.0095907 0.0071785 -0.0127852 -0.0221726 -0.0049566 0.0074936 -0.0029284 -0.0064863 -0.0378499 -0.0235089 -0.0173910 -0.0111517 -0.0045884 -0.0235648 -0.0084741 -0.0202255 -0.0212516 -0.0284043 -0.0208610 -0.0298259 -0.0232228 -0.0269162 -0.0361209 -0.0352591 -0.0262510 -0.0355182 -0.0257240 -0.0365458 -0.0371046 -0.0388795 -0.0087921 -0.0320838 -0.0210124 -0.0210182 -0.0113584 -0.0233221 -0.0155095 -0.0154444 -0.0201164 -0.0205503 -0.0372654 -0.0495425 -0.0373467 -0.0245215 -0.0233665 -0.0326593 -0.0312386 -0.0187302 -0.0328792 -0.0372207 -0.0532231 -0.0533086 -0.0309899 -0.0165072 -0.0324133 -0.0305631 -0.0340107 -0.0322977 -0.0348850 -0.0299939 -0.0302005 -0.0311035 -0.0302874 -0.0297493 -0.0298955 -0.0292605 -0.0316497 -0.0297075 -0.0332453 -0.0318329 -0.0299896 -0.0325010 -0.0361451 -0.0321270
0.0796648 0.0814283 0.0798658 0.0805672 0.0817678 0.0819613 0.0822020 0.0814104 0.0814308 0.0784499 0.0755984 0.0768025 0.0788412 0.0801521 0.0809335 0.0836315 -0.0172568 0.0031856 0.0002869 -0.0103851 -0.0186892 -0.0006180 -0.0117411 -0.0018342 0.8549399 0.0841886 0.0887359 0.0960776 0.1084927 0.1193633 0.1220306 0.1014294 0.0935492 0.0636884 0.0756894 0.0924095 0.0811582 0.0803017 0.0811678 0.0872306 0.0606917 0.0650563 0.0791680 0.0637235 0.0696774 0.0773392 0.0639427 0.0672835 -0.0017867 0.0492842 0.0328007 0.0212596 0.0366343 0.0454790 0.0443777 0.0265796 0.0261231 0.0293897 0.0716441 0.0407198 0.0720691 0.0622518 0.0624028 0.0637984 0.0550009 0.0623809 0.0455353 0.0677777 0.0519888 0.0743506 0.0472404 0.0192286 0.0197130 0.0457477 0.0447010 0.0455086 0.0298769 0.0103645 0.0264822 -0.0434406 -0.0568033 0.0394198 0.0378095 0.0478687 -0.0054808 0.0230416 -0.1250204 0.0298268 -0.0118589 0.0152778 0.0146429 0.0428719 -0.0727429 0.0294032 -0.0926059 -0.2900430 -0.2959076 -0.2913069 -0.2909283 -0.2903526 -0.2882468 -0.2888484 -0.2935332 -0.2938702 -0.2991030 -0.2968332 -0.2982357 -0.2992914 -0.3005910 -0.3001129 -0.2964441 -0.3005589 -0.2981646
0.0737274 0.0747406 0.0738503 0.0725670 0.0725914 0.0742878 0.0756730 0.0767251 0.0707767 0.0702866 0.0669276 0.0677079 0.0703941 0.0660472 0.0752273 0.0794475 -0.0209531 -0.0070433 -0.0042472 -0.0152736 -0.0207897 -0.0008446 -0.0205132 -0.0021163 0.0841886 0.8651951 0.1164464 0.0748909 0.0906205 0.0839383 0.0941337 0.0842930 0.0948107 0.0634592 0.0716395 0.0930267 0.0783029 0.0798409 0.0844777 0.0867794 0.0602945 0.0678621 0.0758399 0.0585192 0.0628905 0.0776706 0.0669482 0.0688755 0.0031560 0.0572978 0.0385684 0.0202701 0.0483738 0.0506065 0.0570248 0.0224737 0.0297478 0.0330528 0.0756324 0.0456503 0.0848800 0.0711955 0.0712702 0.0642724 0.0569416 0.0618057 0.0437790 0.0688813 0.0485986 0.0734785 0.0468265 0.0188450 0.0275892 0.0503388 0.0514983 0.0410297 0.0337867 0.0089431 0.0336775 -0.0368353 -0.0491513 0.0462455 0.0346717 0.0504651 0.0036946 0.0332695 -0.1294180 0.0316271 -0.0105411 0.0199570 0.0205961 0.0473169 -0.0668044 0.0287356 -0.0848293 -0.2829520 -0.2886544 -0.2866435 -0.2833745 -0.2853987 -0.2824142 -0.2863816 -0.2880356 -0.2877655 -0.2926212 -0.2915146 -0.2925007 -0.2919283 -0.2915180 -0.2962025 -0.2931806 -0.2927854 -0.2931714
0.0791507 0.0821746 0.0838217 0.0811424 0.0822705 0.0825189 0.0836015 0.0824640 0.0810407 0.0779803 0.0758115 0.0783087 0.0823312 0.0769867 0.0848033 0.0854895 -0.0179264 0.0003567 0.0036141 -0.0111509 -0.0118642 0.0043371 -0.0140585 -0.0051064 0.0887359 0.1164464 0.8602711 0.0810174 0.0862795 0.0921459 0.0925984 0.0898373 0.0910659 0.0635851 0.0725760 0.0867469 0.0828947 0.0785010 0.0827532 0.0865679 0.0615234 0.0671076 0.0780236 0.0634288 0.0664194 0.0752959 0.0670649 0.0680917 -0.0008493 0.0528461 0.0315502 0.0240890 0.0411901 0.0430469 0.0487844 0.0195628 0.0262987 0.0340130 0.0725407 0.0484840 0.0789019 0.0675966 0.0667773 0.0687329 0.0591405 0.0576424 0.0456315 0.0676217 0.0489261 0.0769450 0.0521481 0.0193954 0.0190578 0.0490635 0.0503520 0.0451322 0.0298934 0.0085288 0.0310686 -0.0495284 -0.0557058 0.0443319 0.0356406 0.0450732 0.0032477 0.0267480 -0.1239883 0.0265177 -0.0123050 0.0139521 0.0134329 0.0422674 -0.0680967 0.0309380 -0.0856938 -0.2899629 -0.2947661 -0.2926819 -0.2888117 -0.2909464 -0.2867221 -0.2900164 -0.2918070 -0.2937489 -0.2963294 -0.2956585 -0.2984692 -0.2973941 -0.2981074 -0.2994193 -0.2966308 -0.2999342 -0.2981982
0.0622481 0.0652432 0.0683639 0.0682247 0.0638699 0.0658989 0.0678974 0.0678588 0.0669040 0.0654460 0.0632431 0.0641455 0.0658070 0.0651525 0.0690680 0.0689175 -0.0153950 -0.0045572 -0.0062119 -0.0152244 -0.0228415 0.0005695 -0.0198258 -0.0046902 0.0960776 0.0748909 0.0810174 0.8677424 0.1084649 0.0929185 0.0932333 0.1010641 0.0775632 0.0585571 0.0655804 0.0834885 0.0779609 0.0741617 0.0770701 0.0697135 0.0628274 0.0645502 0.0755024 0.0574738 0.0596895 0.0767806 0.0715519 0.0679675 -0.0015974 0.0468689 0.0398219 0.0220016 0.0441985 0.0504563 0.0478512 0.0167633 0.0282642 0.0281246 0.0709555 0.0372805 0.0740993 0.0664756 0.0663708 0.0609980 0.0525967 0.0564317 0.0373724 0.0683087 0.0494426 0.0718324 0.0445523 0.0229067 0.0301665 0.0417898 0.0443174 0.0402590 0.0278724 0.0071050 0.0249190 -0.0401123 -0.0475353 0.0397114 0.0345655 0.0420421 -0.0005825 0.0248820 -0.1148574 0.0274439 -0.0176541 0.0167022 0.0178177 0.0344599 -0.0702328 0.0267312 -0.0824173 -0.2657231 -0.2706648 -0.2695255 -0.2651087 -0.2646422 -0.2624840 -0.2661231 -0.2689314 -0.2711651 -0.2751291 -0.2728901 -0.2735202 -0.2735647 -0.2727399 -0.2764949 -0.2730085 -0.2759299 -0.2760246
0.0666837 0.0692502 0.0687372 0.0688348 0.0662495 0.0694173 0.0696837 0.0688031 0.0676157 0.0656582 0.0648948 0.0643197 0.0678240 0.0673737 0.0713530 0.0728236 -0.0242932 -0.0023116 -0.0073251 -0.0191826 -0.0257296 -0.0074573 -0.0212528 -0.0104762 0.1084927 0.0906205 0.0862795 0.1084649 0.8644079 0.1038814 0.1002983 0.1095683 0.0846035 0.0617489 0.0696473 0.0846568 0.0757838 0.0800918 0.0811616 0.0783792 0.0607840 0.0574687 0.0762804 0.0587493 0.0608101 0.0731707 0.0618746 0.0695891 0.0099554 0.0500409 0.0385991 0.0128056 0.0458556 0.0495396 0.0501805 0.0221425 0.0284078 0.0354695 0.0739097 0.0405132 0.0821393 0.0716868 0.0712518 0.0673644 0.0552111 0.0624815 0.0459581 0.0686541 0.0504967 0.0742052 0.0483640 0.0229881 0.0251516 0.0480630 0.0473507 0.0418655 0.0313020 0.0095443 0.0318289 -0.0385314 -0.0466346 0.0455226 0.0336959 0.0477612 -0.0002986 0.0220938 -0.1214663 0.0252873 -0.0102662 0.0218857 0.0232169 0.0399280 -0.0704335 0.0286413 -0.0835177 -0.2747697 -0.2829620 -0.2790572 -0.2776300 -0.2772154 -0.2746232 -0.2776377 -0.2814193 -0.2811733 -0.2845579 -0.2850390 -0.2845144 -0.2856421 -0.2856354 -0.2872304 -0.2848538 -0.2866160 -0.2869880
0.0618308 0.0653003 0.0668121 0.0649854 0.0623295 0.0648581 0.0669084 0.0633531 0.0632702 0.0605919 0.0574634 0.0583414 0.0619189 0.0593039 0.0689798 0.0692806 -0.0274704 -0.0122922 -0.0159971 -0.0273735 -0.0367087 -0.0164095 -0.0280869 -0.0181293 0.1193633 0.0839383 0.0921459 0.0929185 0.1038814 0.8665553 0.1213456 0.1015874 0.0859258 0.0643194 0.0764538 0.0889735 0.0835070 0.0910223 0.0825794 0.0866886 0.0596830 0.0682745 0.0863330 0.0648564 0.0688022 0.0771294 0.0692239 0.0842156 0.0062387 0.0523895 0.0356625 0.0234167 0.0471940 0.0482404 0.0610015 0.0243364 0.0292173 0.0352260 0.0775092 0.0431829 0.0870633 0.0779273 0.0782137 0.0739332 0.0597958 0.0658448 0.0530018 0.0841802 0.0617544 0.0831164 0.0565193 0.0225551 0.0309280 0.0458616 0.0460471 0.0551670 0.0303370 0.0133331 0.0331379 -0.0389151 -0.0450429 0.0516328 0.0426884 0.0498455 0.0061453 0.0335675 -0.1259279 0.0338511 -0.0095049 0.0285562 0.0285514 0.0467749 -0.0691553 0.0350566 -0.0865469 -0.2862203 -0.2948350 -0.2903872 -0.2880808 -0.2886094 -0.2850892 -0.2863863 -0.2903416 -0.2913108 -0.2961767 -0.2957189 -0.2961257 -0.2957018 -0.2974152 -0.2970712 -0.2957802 -0.2972811 -0.2965376
0.0771246 0.0775618 0.0801114 0.0771334 0.0768412 0.0742986 0.0790328 0.0784052 0.0761269 0.0724092 0.0714454 0.0720017 0.0748851 0.0708217 0.0815427 0.0809181 -0.0281208 -0.0070256 -0.0082585 -0.0243907 -0.0250544 -0.0083023 -0.0197995 -0.0127313 0.1220306 0.0941337 0.0925984 0.0932333 0.1002983 0.1213456 0.8628077 0.1029820 0.0968501 0.0687443 0.0786791 0.0983607 0.0899181 0.0921938 0.0915898 0.0920875 0.0686990 0.0707095 0.0893566 0.0667058 0.0721099 0.0879126 0.0726518 0.0830237 -0.0014716 0.0611386 0.0402110 0.0301733 0.0509196 0.0511364 0.0612527 0.0292916 0.0276710 0.0346212 0.0880409 0.0464832 0.0853052 0.0754127 0.0757739 0.0681601 0.0624710 0.0666858 0.0523844 0.0834458 0.0593457 0.0883312 0.0537956 0.0207782 0.0287108 0.0539104 0.0552705 0.0484351 0.0338149 0.0116019 0.0323759 -0.0422481 -0.0544415 0.0485213 0.0402863 0.0543843 0.0002560 0.0317439 -0.1309455 0.0348897 -0.0116888 0.0272609 0.0271686 0.0490328 -0.0782618 0.0430815 -0.0949878 -0.3071815 -0.3138433 -0.3085493 -0.3076255 -0.3078510 -0.3041047 -0.3083569 -0.3107087 -0.3129116 -0.3154337 -0.3156739 -0.3154202 -0.3152435 -0.3170353 -0.3170996 -0.3166042 -0.3172390 -0.3167306
0.0625823 0.0666418 0.0639382 0.0642184 0.0622553 0.0624404 0.0657451 0.0645385 0.0642064 0.0611443 0.0569325 0.0589445 0.0625133 0.0601353 0.0656680 0.0707843 -0.0320718 -0.0124163 -0.0153285 -0.0253015 -0.0339005 -0.0131923 -0.0266277 -0.0128727 0.1014294 0.0842930 0.0898373 0.1010641 0.1095683 0.1015874 0.1029820 0.8650180 0.0902910 0.0614902 0.0687674 0.0905335 0.0805355 0.0799502 0.0842484 0.0777642 0.0564666 0.0648116 0.0771002 0.0591156 0.0627962 0.0772851 0.0674728 0.0724112 0.0012424 0.0544697 0.0342519 0.0245737 0.0410263 0.0518733 0.0542497 0.0262137 0.0302624 0.0374998 0.0724520 0.0472868 0.0812719 0.0773780 0.0763854 0.0642305 0.0572880 0.0610682 0.0539054 0.0730968 0.0565841 0.0769858 0.0582478 0.0239699 0.0286505 0.0433089 0.0452910 0.0501017 0.0339048 0.0125668 0.0282587 -0.0361006 -0.0449095 0.0467188 0.0357014 0.0472092 0.0043841 0.0276238 -0.1172445 0.0269955 -0.0071404 0.0174169 0.0180446 0.0416298 -0.0640114 0.0411566 -0.0814822 -0.2769030 -0.2823951 -0.2781279 -0.2769893 -0.2752900 -0.2743870 -0.2767560 -0.2796139 -0.2805293 -0.2841918 -0.2837144 -0.2853117 -0.2852718 -0.2865581 -0.2869824 -0.2851492 -0.2865977 -0.2852234
0.0753272 0.0747725 0.0774148 0.0767791 0.0744089 0.0766880 0.0788816 0.0781724 0.0751446 0.0732668 0.0691778 0.0716924 0.0761965 0.0704418 0.0793142 0.0856028 -0.0298900 -0.0075178 -0.0112728 -0.0228570 -0.0333255 -0.0091436 -0.0237832 -0.0154180 0.0935492 0.0948107 0.0910659 0.0775632 0.0846035 0.0859258 0.0968501 0.0902910 0.8631569 0.0696321 0.0878769 0.1071222 0.0874288 0.0991201 0.1014219 0.1003106 0.0678709 0.0771490 0.0923848 0.0693842 0.0737343 0.0797935 0.0711018 0.0875691 0.0050453 0.0693318 0.0437647 0.0248164 0.0516881 0.0534924 0.0603586 0.0286122 0.0337106 0.0386829 0.0903104 0.0483216 0.0896198 0.0810214 0.0801019 0.0753490 0.0671880 0.0712656 0.0584264 0.0862222 0.0603371 0.0844752 0.0579156 0.0262080 0.0285514 0.0592400 0.0562761 0.0512199 0.0385743 0.0157802 0.0349902 -0.0399926 -0.0482779 0.0507423 0.0423805 0.0547208 0.0060689 0.0395289 -0.1353193 0.0398603 -0.0066295 0.0272124 0.0277517 0.0507704 -0.0764875 0.0342155 -0.0844886 -0.3121264 -0.3149259 -0.3136813 -0.3125738 -0.3121007 -0.3083899 -0.3111916 -0.3155081 -0.3153698 -0.3209760 -0.3188283 -0.3216117 -0.3206205 -0.3213025 -0.3219430 -0.3192008 -0.3195668 -0.3219031
0.0592713 0.0611192 0.0612984 0.0601459 0.0603756 0.0599073 0.0624142 0.0618826 0.0602238 0.0586018 0.0568362 0.0583170 0.0600174 0.0585134 0.0618971 0.0617975 -0.0102948 0.0033009 0.0017150 -0.0063069 -0.0116741 0.0036953 -0.0076608 -0.0004245 0.0636884 0.0634592 0.0635851 0.0585571 0.0617489 0.0643194 0.0687443 0.0614902 0.0696321 0.9199194 0.0571551 0.0682214 0.0615698 0.0620538 0.0650184 0.0639407 0.0490321 0.0513761 0.0611057 0.0479368 0.0516415 0.0582878 0.0518774 0.0577267 0.0040922 0.0443253 0.0319572 0.0178520 0.0362258 0.0366406 0.0418553 0.0194963 0.0230664 0.0263642 0.0592507 0.0350459 0.0620320 0.0558205 0.0555160 0.0501658 0.0451551 0.0487540 0.0381321 0.0583931 0.0404070 0.0578742 0.0395962 0.0178305 0.0209812 0.0404769 0.0396485 0.0353139 0.0272750 0.0110420 0.0268280 -0.0297774 -0.0354194 0.0344278 0.0293980 0.0384564 0.0040396 0.0240688 -0.0900809 0.0262216 -0.0056868 0.0210080 0.0207616 0.0353621 -0.0498898 0.0259017 -0.0617753 -0.2145926 -0.2185507 -0.2164061 -0.2153380 -0.2148155 -0.2118203 -0.2147329 -0.2168828 -0.2182003 -0.2216605 -0.2204603 -0.2223305 -0.2214290 -0.2227766 -0.2233254 -0.2217651 -0.2237221 -0.2225207
