0.1046663 0.0001015 0.8952322
0.0840646 0.0001013 0.9158341
0.0445501 0.0001012 0.9553486
0.1309178 0.0001014 0.8689808
0.0183626 0.0001013 0.9815361
0.0244808 0.0001013 0.9754179
0.0211588 0.0001011 0.9787402
0.0103616 0.0001011 0.9895373
0.0077782 0.0001012 0.9921206
0.0096723 0.0010606 0.9892672
0.0001011 0.0053809 0.9945180
0.0001006 0.0001006 0.9997989
0.0086613 0.0001012 0.9912375
0.0105132 0.0015452 0.9879416
0.1560827 0.0001014 0.8438159
0.1330787 0.0001013 0.8668200
0.0455915 0.2550900 0.6993185
0.0329282 0.2028383 0.7642335
0.0001011 0.2031859 0.7967131
0.0001005 0.2276262 0.7722733
0.0001004 0.2486240 0.7512757
0.0001002 0.1880346 0.8118652
0.0001004 0.2329000 0.7669996
0.0100324 0.2165474 0.7734202
0.6629193 0.0001011 0.3369795
0.7048404 0.0001012 0.2950584
0.6588956 0.0001011 0.3410033
0.7099662 0.0003026 0.2897311
0.7253949 0.0001013 0.2745038
0.7788573 0.0001010 0.2210416
0.7311377 0.0001008 0.2687615
0.7577199 0.0001012 0.2421788
0.7425274 0.0001007 0.2573719
0.6360616 0.0447599 0.3191786
0.7454787 0.0058140 0.2487073
0.6970160 0.0001008 0.3028831
0.7214403 0.0001012 0.2784585
0.7346143 0.0001012 0.2652844
0.6911591 0.0001010 0.3087398
0.7067409 0.0001011 0.2931580
0.5712765 0.0347317 0.3939918
0.6978518 0.0260134 0.2761348
0.8109420 0.0001013 0.1889567
0.6438676 0.0373941 0.3187384
0.5711244 0.0240283 0.4048472
0.6760346 0.0011418 0.3228236
0.7001228 0.0254384 0.2744389
0.9380257 0.0050187 0.0569556
0.6578889 0.2033167 0.1387943
0.7427436 0.0527624 0.2044940
0.6947950 0.1012705 0.2039345
0.5909669 0.1492571 0.2597760
0.7657367 0.0842888 0.1499745
0.6426402 0.0794282 0.2779316
0.8135442 0.0612206 0.1252352
0.6512484 0.1455711 0.2031806
0.7725581 0.1328424 0.0945995
0.7062392 0.1195759 0.1741848
0.8961045 0.0001013 0.1037942
0.7277406 0.0852760 0.1869834
0.8905490 0.0001012 0.1093498
0.9419776 0.0126683 0.0453541
0.9346890 0.0142548 0.0510562
0.8119109 0.0309754 0.1571137
0.8733070 0.0515929 0.0751001
0.7811199 0.0364555 0.1824246
0.8655071 0.0771138 0.0573791
0.9361198 0.0037607 0.0601196
0.9299343 0.0683766 0.0016892
0.7451688 0.0027394 0.2520918
0.8625114 0.0710783 0.0664103
0.7211754 0.1524306 0.1263940
0.7328740 0.1394135 0.1277124
0.6832621 0.0670823 0.2496556
0.7906001 0.0718409 0.1375590
0.7066849 0.0862238 0.2070913
0.7106560 0.1151932 0.1741508
0.7114184 0.1782399 0.1103417
0.6819464 0.1178066 0.2002470
0.6664738 0.3334248 0.0001013
0.6492663 0.3506330 0.0001006
0.8527499 0.0917443 0.0555059
0.7681448 0.1103112 0.1215441
0.7822007 0.0746492 0.1431501
0.7930646 0.2063391 0.0005963
0.7900184 0.1302649 0.0797167
0.3082057 0.5565646 0.1352298
0.7953731 0.1242848 0.0803420
0.7068501 0.2419084 0.0512416
0.8605772 0.1393238 0.0000990
0.8594931 0.1404079 0.0000989
0.8107681 0.0873298 0.1019021
0.4111404 0.4047529 0.1841067
0.8110771 0.1216152 0.0673077
0.5237637 0.4499354 0.0263008
0.0001010 0.9997979 0.0001010
0.0001003 0.9997994 0.0001003
0.0001007 0.9997985 0.0001007
0.0001009 0.9997981 0.0001009
0.0001010 0.9997979 0.0001010
0.0051435 0.9947553 0.0001012
0.0001010 0.9997980 0.0001010
0.0001006 0.9997988 0.0001006
0.0001004 0.9997991 0.0001004
0.0001000 0.9998000 0.0001000
0.0001000 0.9997998 0.0001000
0.0001000 0.9998000 0.0001000
0.0001000 0.9998000 0.0001000
0.0001000 0.9998000 0.0001000
0.0001000 0.9998000 0.0001000
0.0001000 0.9998000 0.0001000
0.0001000 0.9998000 0.0001000
0.0001000 0.9998000 0.0001000
