0.0001018 0.0941815 0.9057167
0.0001017 0.1225987 0.8772997
0.0001017 0.0569220 0.9429764
0.0001017 0.1720722 0.8278261
0.0001017 0.0324575 0.9674408
0.0001017 0.0357956 0.9641026
0.0001015 0.0207544 0.9791441
0.0001015 0.0191106 0.9807879
0.0001016 0.0039409 0.9959576
0.0001017 0.0193383 0.9805600
0.0036325 0.0001014 0.9962660
0.0001013 0.0001013 0.9997974
0.0001016 0.0103781 0.9895202
0.0001017 0.0186184 0.9812799
0.0001017 0.1763179 0.8235804
0.0001017 0.1572672 0.8426312
0.2491094 0.0175103 0.7333803
0.1986970 0.0064980 0.7948050
0.1936857 0.0001018 0.8062125
0.2231064 0.0001008 0.7767928
0.2476915 0.0001005 0.7522080
0.1853006 0.0001004 0.8145990
0.2251111 0.0001006 0.7747883
0.2157857 0.0001017 0.7841126
0.0001015 0.6697336 0.3301648
0.0001016 0.7004043 0.2994941
0.0001015 0.6798943 0.3200043
0.0004978 0.6928639 0.3066383
0.0001016 0.7262250 0.2736734
0.0001015 0.7907881 0.2091104
0.0001013 0.7578054 0.2420933
0.0001016 0.7683879 0.2315105
0.0001012 0.7663622 0.2335365
0.0442354 0.6372620 0.3185026
0.0070643 0.7455763 0.2473594
0.0001013 0.7008730 0.2990257
0.0001016 0.7229257 0.2769726
0.0001016 0.7480964 0.2518020
0.0001015 0.7267123 0.2731861
0.0001015 0.7489139 0.2509846
0.0324902 0.5653324 0.4021775
0.0243585 0.7014390 0.2742025
0.0001016 0.8125687 0.1873296
0.0352159 0.6654884 0.2992957
0.0231501 0.5808315 0.3960184
0.0011319 0.6858335 0.3130347
0.0251450 0.6954736 0.2793814
0.0082683 0.9557739 0.0359577
0.1971324 0.6381076 0.1647600
0.0531476 0.7550710 0.1917813
0.0998159 0.7005432 0.1996409
0.1506486 0.6003870 0.2489643
0.0839044 0.7647644 0.1513311
0.0762044 0.6338781 0.2899176
0.0605962 0.8130767 0.1263272
0.1426011 0.6636028 0.1937961
0.1391622 0.7392488 0.1215890
0.1173181 0.6933712 0.1893107
0.0016595 0.9015860 0.0967545
0.0812330 0.7458728 0.1728942
0.0001016 0.9207073 0.0791912
0.0157527 0.9742283 0.0100190
0.0168009 0.9752309 0.0079681
0.0281449 0.8367347 0.1351204
0.0500245 0.8604106 0.0895648
0.0368144 0.7681529 0.1950328
0.0805589 0.8361276 0.0833135
0.0063142 0.9425167 0.0511691
0.0739263 0.9100389 0.0160348
0.0045487 0.7356016 0.2598496
0.0746814 0.8550072 0.0703114
0.1551463 0.7188044 0.1260493
0.1434747 0.7498075 0.1067178
0.0637520 0.6836581 0.2525900
0.0738186 0.7840571 0.1421242
0.0897043 0.7212316 0.1890640
0.1201883 0.7109923 0.1688194
0.1827080 0.6955765 0.1217156
0.1207636 0.6510276 0.2282089
0.3257882 0.6741104 0.0001014
0.3483564 0.6515422 0.0001014
0.0847825 0.8477318 0.0674856
0.1057346 0.7699611 0.1243043
0.0766881 0.7558417 0.1674702
0.2003438 0.7864760 0.0131803
0.1263227 0.7843258 0.0893515
0.5542765 0.2825555 0.1631681
0.1249389 0.7737725 0.1012885
0.2425512 0.6755368 0.0819120
0.1383293 0.8615717 0.0000990
0.1396929 0.8602080 0.0000991
0.0868477 0.8182867 0.0948657
0.3993244 0.3998644 0.2008112
0.1227622 0.7970068 0.0802310
0.4462192 0.5106550 0.0431257
0.9997980 0.0001010 0.0001010
0.9997990 0.0001005 0.0001005
0.9997978 0.0001011 0.0001011
0.9997976 0.0001011 0.0001011
0.9997977 0.0001011 0.0001011
0.9975106 0.0023879 0.0001015
0.9997983 0.0001008 0.0001008
0.9997985 0.0001007 0.0001007
0.9997987 0.0001006 0.0001006
0.9997998 0.0001001 0.0001001
0.9997993 0.0001003 0.0001003
0.9998000 0.0001000 0.0001000
0.9997998 0.0001001 0.0001001
0.9998000 0.0001000 0.0001000
0.9998000 0.0001000 0.0001000
0.9998000 0.0001000 0.0001000
0.9998000 0.0001000 0.0001000
0.9998000 0.0001000 0.0001000
