0.0929087 0.9069892 0.0001021
0.1195401 0.8803580 0.0001019
0.0541322 0.9457659 0.0001019
0.1679151 0.8319829 0.0001020
0.0287414 0.9711567 0.0001019
0.0326647 0.9672333 0.0001020
0.0177115 0.9821868 0.0001017
0.0147813 0.9851170 0.0001017
0.0016369 0.9982612 0.0001019
0.0212616 0.9786364 0.0001019
0.0001017 0.9970139 0.0028843
0.0001016 0.9997969 0.0001016
0.0139884 0.9859097 0.0001019
0.0195007 0.9803973 0.0001020
0.1758358 0.8240622 0.0001019
0.1562370 0.8436611 0.0001019
0.0160278 0.7347586 0.2492136
0.0025697 0.7977589 0.1996714
0.0001020 0.8061971 0.1937009
0.0001010 0.7770731 0.2228258
0.0001007 0.7522726 0.2476266
0.0001008 0.8138835 0.1860158
0.0001008 0.7742938 0.2256053
0.0001019 0.7843573 0.2155408
0.6752324 0.3246658 0.0001018
0.7019098 0.2979884 0.0001018
0.6786011 0.3212971 0.0001018
0.6986368 0.2996606 0.0017026
0.7338464 0.2660517 0.0001019
0.8015633 0.1983349 0.0001017
0.7633902 0.2365083 0.0001015
0.7705347 0.2293633 0.0001019
0.7669868 0.2329117 0.0001015
0.6407744 0.3155020 0.0437236
0.7486213 0.2435451 0.0078336
0.7027600 0.2971385 0.0001016
0.7280954 0.2718027 0.0001019
0.7522175 0.2476806 0.0001019
0.7354676 0.2644307 0.0001017
0.7510600 0.2488382 0.0001018
0.5668690 0.3999099 0.0332211
0.6977560 0.2765604 0.0256837
0.8176464 0.1822517 0.0001019
0.6677035 0.2961909 0.0361056
0.5856832 0.3908612 0.0234556
0.6907515 0.3078603 0.0013882
0.6948293 0.2786316 0.0265391
0.9638529 0.0265954 0.0095517
0.6357410 0.1660328 0.1982262
0.7576342 0.1882648 0.0541010
0.7022395 0.1964907 0.1012698
0.5937818 0.2543818 0.1518364
0.7680682 0.1455697 0.0863621
0.6354440 0.2867996 0.0777564
0.8202536 0.1180909 0.0616556
0.6642593 0.1922937 0.1434471
0.7404199 0.1192278 0.1403523
0.6922189 0.1887284 0.1190527
0.9045746 0.0929951 0.0024303
0.7471048 0.1707058 0.0821895
0.9273140 0.0725842 0.0001018
0.9820936 0.0007569 0.0171495
0.9821790 0.0002057 0.0176153
0.8447758 0.1261422 0.0290820
0.8619311 0.0864538 0.0516150
0.7705162 0.1919334 0.0375503
0.8420506 0.0764581 0.0814914
0.9491705 0.0432857 0.0075438
0.9131712 0.0108938 0.0759350
0.7412325 0.2533570 0.0054105
0.8589731 0.0651048 0.0759220
0.7220422 0.1213802 0.1565776
0.7552463 0.1000686 0.1446850
0.6813470 0.2531708 0.0654822
0.7823574 0.1421524 0.0754901
0.7213807 0.1879033 0.0907161
0.7071205 0.1710595 0.1218200
0.7007890 0.1156531 0.1835580
0.6575104 0.2209228 0.1215667
0.6723925 0.0001017 0.3275058
0.6501305 0.0001016 0.3497679
0.8540183 0.0588823 0.0870993
0.7677204 0.1244370 0.1078426
0.7611214 0.1611380 0.0777406
0.7866989 0.0112030 0.2020981
0.7873310 0.0853512 0.1273178
0.2851579 0.1603315 0.5545107
0.7728862 0.1001813 0.1269325
0.6808132 0.0758158 0.2433711
0.8589557 0.0000994 0.1409449
0.8575195 0.0000994 0.1423811
0.8177695 0.0930793 0.0891512
0.3947744 0.2042712 0.4009545
0.7997390 0.0768166 0.1234444
0.5123125 0.0399415 0.4477460
0.0001011 0.0001011 0.9997979
0.0001005 0.0001005 0.9997990
0.0001011 0.0001011 0.9997978
0.0001012 0.0001012 0.9997976
0.0001012 0.0001012 0.9997976
0.0001017 0.0001017 0.9997966
0.0001009 0.0001009 0.9997982
0.0001008 0.0001008 0.9997985
0.0001007 0.0001007 0.9997986
0.0001001 0.0001001 0.9997998
0.0001004 0.0001004 0.9997993
0.0001000 0.0001000 0.9998000
0.0001001 0.0001001 0.9997998
0.0001000 0.0001000 0.9998000
0.0001000 0.0001000 0.9998000
0.0001000 0.0001000 0.9998000
0.0001000 0.0001000 0.9998000
0.0001000 0.0001000 0.9998000
